	Steps	Time [s]	[A] Acceleration Y on Body-1 - 1 Node - Tip [m/s²]	[B] Acceleration Y on Body-1 - 1 Node - Tip [Filtered] [m/s²]	[C] Position Y on Body-1 - 1 Node-Tip [m]	[D] Kinetic Energy on Body-1-Flare-1 - 2 Bodies [J]	[E] Position Z on Body-1 - 1 Node-Tip [m]	[F] Position Y on Body-1 - 1 Node-Tail [m]	[G] Acceleration Z on Body-1 - 1 Node - Tip [m/s²]	[H] Acceleration Z on Body-1 - 1 Node - Tip [Filtered] [m/s²]	[I] Position Z on Body-1 - 1 Node-Tail [m]	
1	1	0.	0.	138.92	1.048e-002	75922	-4.3477e-004	2.2981	0.	39.236	-2.4816e-003	
2	1	1.5025e-003	552.48	329.03	-5.3062e-002	74855	-4.0977e-004	2.2346	-29.179	-303.02	-2.4982e-003	
3	1	3.0385e-003	538.94	500.31	-0.11736	73474	-3.5833e-004	2.1703	-987.36	-525.46	-2.514e-003	
4	1	4.3661e-003	531.63	634.61	-0.17256	71712	-7.7457e-004	2.1151	-770.62	-522.97	-2.2638e-003	
5	1	5.5571e-003	709.26	732.95	-0.22152	70266	-1.7516e-003	2.0661	-618.74	-296.07	-1.7993e-003	
6	1	6.6098e-003	931.38	789.66	-0.26438	68967	-2.7186e-003	2.0231	350.88	14.689	-1.417e-003	
7	1	7.5443e-003	790.95	800.52	-0.30193	66973	-3.409e-003	1.9856	537.12	208.9	-1.2287e-003	
8	1	8.4321e-003				65239						
9	1	8.4321e-003	842.23	784.74	-0.33711		-4.0885e-003	1.9503	671.98	166.32	-1.1122e-003	
10	1	9.2949e-003				63851						
11	1	9.2949e-003	588.95	779.84	-0.37086		-4.712e-003	1.9165	-181.14	-62.549	-1.0962e-003	
12	1	1.0087e-002	744.75	810.07	-0.40151	62222	-5.4284e-003	1.8858	-925.83	-302.12	-1.0691e-003	
13	1	1.0814e-002	763.92	855.12	-0.42928	60503	-6.3064e-003	1.8579	-300.45	-403.07	-9.7755e-004	
14	1	1.1496e-002	1329.4	860.	-0.455	59124	-7.1903e-003	1.8322	-674.91	-342.82	-8.5579e-004	
15	1	1.2143e-002	682.92	796.42	-0.47909	57457	-8.2422e-003	1.808	527.68	-189.78	-6.2216e-004	
16	1	1.2762e-002				56707						
17	1	1.2762e-002	472.79	695.69	-0.50188		-9.3551e-003	1.7851	-787.04	-16.095	-3.2125e-004	
18	1	1.3359e-002	869.59	605.8	-0.52359	55100	-1.0673e-002	1.7633	711.28	126.32	1.1846e-004	
19	1	1.3952e-002	338.14	557.76	-0.54493	54194	-1.1936e-002	1.7419	359.35	199.92	5.4693e-004	
20	1	1.4544e-002	483.9	569.1	-0.56605	53115	-1.3153e-002	1.7207	-451.72	206.31	9.0834e-004	
21	1	1.5138e-002	697.55	630.87	-0.58705	52395	-1.4447e-002	1.6996	954.61	170.76	1.2928e-003	
22	1	1.5722e-002	771.76	706.42	-0.60751	51223	-1.5601e-002	1.679	-245.11	120.07	1.6026e-003	
23	1	1.6288e-002	670.26	759.5	-0.62718	50525	-1.6787e-002	1.6592	-321.6	93.405	1.9542e-003	
24	1	1.6851e-002	874.88	765.27	-0.64657	49656	-1.7985e-002	1.6397	618.7	100.12	2.3509e-003	
25	1	1.741e-002	733.6	707.82	-0.66565	48931	-1.9079e-002	1.6205	-16.187	107.13	2.7318e-003	
26	1	1.7953e-002	720.38	592.09	-0.68405	47938	-2.0145e-002	1.602	241.92	106.78	3.1341e-003	
27	1	1.8489e-002	439.86	457.89	-0.70199	47063	-2.1164e-002	1.5839	-497.8	120.74	3.5533e-003	
28	1	1.9015e-002	-68.579	361.76	-0.71947	46542	-2.221e-002	1.5664	591.7	129.66	4.0261e-003	
29	1	1.9527e-002	765.15	330.37	-0.73643	45964	-2.3177e-002	1.5493	315.75	72.272	4.4649e-003	
30	1	2.0028e-002	84.148	353.57	-0.75286	45255	-2.4133e-002	1.5327	-5.3794	-61.67	4.9293e-003	
31	1	2.0524e-002	385.34	412.96	-0.76901	44592	-2.5112e-002	1.5165	-576.13	-194.01	5.4153e-003	
32	1	2.1013e-002	690.83	482.8	-0.78482	43763	-2.614e-002	1.5005	-224.27	-237.59	5.9761e-003	
33	1	2.1493e-002	578.21	539.53	-0.80016	42971	-2.7164e-002	1.4851	71.333	-158.97	6.584e-003	
34	1	2.1972e-002	407.78	588.95	-0.81533	42235	-2.8177e-002	1.4698	-378.85	44.093	7.2293e-003	
35	1	2.2455e-002	587.39	645.72	-0.83051	41344	-2.9214e-002	1.4545	491.5	356.28	7.9237e-003	
36	1	2.2941e-002	821.97	695.5	-0.84561	40564	-3.0198e-002	1.4393	303.68	711.	8.6118e-003	
37	1	2.3429e-002	750.26	706.95	-0.86065	39700	-3.1111e-002	1.4241	894.77	959.88	9.2556e-003	
38	1	2.3921e-002	721.07	668.63	-0.87563	38841	-3.1823e-002	1.409	2637.1	924.07	9.8184e-003	
39	1	2.4415e-002	519.17	598.34	-0.89053	38065	-3.2372e-002	1.394	-74.762	575.34	1.0311e-002	
40	1	2.4908e-002	565.88	525.67	-0.90526	37375	-3.2874e-002	1.3792	-435.16	110.98	1.079e-002	
41	1	2.5405e-002	341.55	473.46	-0.91995	36715	-3.3403e-002	1.3644	-267.36	-247.94	1.1277e-002	
42	1	2.5908e-002	528.59	448.18	-0.9347	35894	-3.3899e-002	1.3496	-261.68	-422.68	1.179e-002	
43	1	2.6412e-002	256.59	436.46	-0.94929	35221	-3.4353e-002	1.3348	-375.04	-413.68	1.2314e-002	
44	1	2.6917e-002	746.05	411.35	-0.96379	34390	-3.4816e-002	1.3202	-958.13	-229.43	1.2881e-002	
45	1	2.7419e-002	288.28	359.08	-0.97806	33746	-3.537e-002	1.3059	414.23	62.024	1.3508e-002	
46	1	2.7914e-002	113.9	297.38	-0.992	33346	-3.5886e-002	1.2918	622.08	311.13	1.4103e-002	
47	1	2.8401e-002	308.	246.14	-1.0056	32988	-3.6252e-002	1.2781	664.3	394.52	1.4624e-002	
48	1	2.8883e-002	105.46	194.19	-1.019	32346	-3.6499e-002	1.2646	263.47	313.53	1.5094e-002	
49	1	2.9369e-002	493.87	116.01	-1.0324	31934	-3.6641e-002	1.2512	222.04	176.26	1.5502e-002	
50	1	2.987e-002	241.68	29.867	-1.0461	31619	-3.6773e-002	1.2374	-865.58	101.5	1.5908e-002	
51	1	3.0388e-002	-973.43	17.876	-1.0602	31143	-3.6993e-002	1.2232	694.73	105.61	1.6377e-002	
52	1	3.0916e-002	342.04	125.34	-1.0746	30720	-3.7108e-002	1.2088	572.35	105.68	1.6777e-002	
53	1	3.1447e-002	630.49	275.45	-1.0889	30392	-3.7095e-002	1.1944	-831.67	43.366	1.7147e-002	
54	1	3.1975e-002	481.6	359.58	-1.103	30109	-3.7104e-002	1.1803	1233.6	-70.158	1.7551e-002	
55	1	3.2504e-002	85.376	347.02	-1.117	29720	-3.6988e-002	1.1661	-1507.5	-185.38	1.7923e-002	
56	1	3.3041e-002	716.13	268.76	-1.1312	29311	-3.6955e-002	1.1518	513.22	-243.8	1.8378e-002	
57	1	3.3592e-002	-557.24	167.61	-1.1457	28630	-3.6674e-002	1.1373	-983.29	-232.77	1.8746e-002	
58	1	3.4152e-002	815.36	72.512	-1.1602	28199	-3.6385e-002	1.1226	686.61	-194.2	1.9195e-002	
59	1	3.4708e-002	-559.98	-1.8263	-1.1744	27607	-3.6115e-002	1.1083	-778.13	-166.	1.9634e-002	
60	1	3.5258e-002	103.77	-43.489	-1.1885	27363	-3.5961e-002	1.0942	12.371	-159.49	2.0201e-002	
61	1	3.5802e-002	91.562	-53.415	-1.2023	27075	-3.5691e-002	1.0803	-126.72	-191.14	2.073e-002	
62	1	3.6343e-002	-212.81	-39.507	-1.2159	26822	-3.5407e-002	1.0666	-129.2	-281.82	2.1252e-002	
63	1	3.6882e-002	328.52	8.7263	-1.2295	26596	-3.51e-002	1.053	138.55	-396.34	2.1766e-002	
64	1	3.7422e-002	-452.12	115.69	-1.243	26124	-3.4628e-002	1.0394	-1889.1	-428.89	2.2194e-002	
65	1	3.796e-002	403.34	278.71	-1.2563	25718	-3.4355e-002	1.026	390.45	-317.2	2.2653e-002	
66	1	3.8493e-002	566.32	436.75	-1.2695	25242	-3.4105e-002	1.0129	-329.1	-132.79	2.31e-002	
67	1	3.9021e-002	697.24	511.37	-1.2823	24593	-3.3828e-002	1.	316.22	-0.493	2.3504e-002	
68	1	3.9548e-002	509.7	475.92	-1.2949	24028	-3.3445e-002	0.98733	372.44	18.125	2.3838e-002	
69	1	4.0078e-002	276.16	366.66	-1.3076	23686	-3.3093e-002	0.97468	-480.94	-40.821	2.4162e-002	
70	1	4.0612e-002	208.92	243.53	-1.3202	23295	-3.2838e-002	0.96205	-299.78	-98.153	2.4522e-002	
71	1	4.1147e-002	48.518	150.37	-1.3327	23197	-3.2686e-002	0.94945	-61.957	-132.02	2.4934e-002	
72	1	4.1678e-002	234.13	102.66	-1.3451	22980	-3.2436e-002	0.93698	281.2	-185.76	2.5296e-002	
73	1	4.2208e-002	-41.325	100.01	-1.3574	22739	-3.2156e-002	0.92461	114.26	-253.54	2.5617e-002	
74	1	4.2733e-002	170.24	135.61	-1.3696	22593	-3.1929e-002	0.91239	-1619.2	-226.32	2.5929e-002	
75	1	4.3257e-002	250.81	194.65	-1.3817	22031	-3.1873e-002	0.90031	333.63	-32.062	2.6307e-002	
76	1	4.3785e-002	62.252	255.52	-1.3937	21745	-3.1922e-002	0.88826	303.42	230.88	2.6699e-002	
77	1	4.4322e-002	597.83	291.99	-1.4058	21303	-3.2058e-002	0.87611	966.8	389.43	2.708e-002	
78	1	4.4865e-002	182.98	285.5	-1.418	21018	-3.2127e-002	0.86393	348.13	368.01	2.7351e-002	
79	1	4.5409e-002				20608						
80	1	4.5409e-002	339.06	245.47	-1.4301		-3.2093e-002	0.8518	398.51	237.61	2.7522e-002	
81	1	4.5954e-002	96.364	205.04	-1.4422	20283	-3.1965e-002	0.8398	-718.39	140.64	2.7601e-002	
82	1	4.6497e-002	149.09	196.49	-1.4541	20211	-3.1892e-002	0.8279	109.12	149.3	2.7684e-002	
83	1	4.7038e-002	188.08	230.76	-1.4659	19938	-3.1793e-002	0.81609	424.	180.6	2.7761e-002	
84	1	4.7579e-002	390.89	294.34	-1.4777	19870	-3.1608e-002	0.80431	1241.6	102.62	2.7796e-002	
85	1	4.812e-002	368.44	367.9	-1.4894	19710	-3.1288e-002	0.79259	-1164.4	-80.125	2.7771e-002	
86	1	4.8661e-002	226.13	437.41	-1.5012	19582	-3.1068e-002	0.78089	-413.89	-249.16	2.7813e-002	
87	1	4.9205e-002	799.13	482.51	-1.5128	19098	-3.0953e-002	0.76924	411.42	-342.26	2.7913e-002	
88	1	4.9748e-002	423.06	484.09	-1.5244	18725	-3.0887e-002	0.75772	-1042.9	-361.85	2.8014e-002	
89	1	5.0288e-002	391.41	449.35	-1.5357	18289	-3.1045e-002	0.74642	-21.259	-298.73	2.8177e-002	
90	1	5.0825e-002	369.56	400.32	-1.5468	17820	-3.1156e-002	0.73534	-452.26	-158.41	2.8301e-002	
91	1	5.1362e-002	468.76	349.35	-1.5578	17491	-3.1318e-002	0.72435	139.58	6.6048	2.844e-002	
92	1	5.1897e-002	158.19	303.7	-1.5686	17228	-3.1523e-002	0.71352	160.9	117.33	2.8563e-002	
93	1	5.2425e-002	300.36	270.06	-1.5793	16973	-3.176e-002	0.70288	567.61	113.22	2.8683e-002	
94	1	5.2949e-002	279.21	245.66	-1.5898	16645	-3.1891e-002	0.69244	-137.33	9.448	2.8748e-002	
95	1	5.3471e-002	136.23	219.7	-1.6001	16431	-3.2032e-002	0.68213	-692.99	-113.7	2.8815e-002	
96	1	5.3991e-002	400.53	183.48	-1.6104		-3.2246e-002	0.67188	181.65	-208.92	2.8899e-002	
97	1	5.3991e-002				16203						
98	1	5.4509e-002	72.149	144.33	-1.6205	16043	-3.2437e-002	0.66175	-248.41	-298.56	2.8949e-002	
99	1	5.5022e-002	87.696	132.91	-1.6305	15980	-3.2665e-002	0.65172	-361.93	-400.81	2.8995e-002	
100	1	5.5534e-002	63.543	181.69	-1.6405	15826	-3.2854e-002	0.64176	-528.69	-485.17	2.8989e-002	
101	1	5.6046e-002	280.84	294.23	-1.6504	15634	-3.3039e-002	0.63187	-486.95	-498.06	2.8959e-002	
102	1	5.6553e-002	486.13	440.27	-1.6602	15297	-3.3203e-002	0.62214	-781.85	-399.62	2.8893e-002	
103	1	5.7057e-002	492.56	572.31	-1.6697	14842	-3.3477e-002	0.61259	-428.27	-213.22	2.8846e-002	
104	1	5.7558e-002	854.4	642.7	-1.6791	14363	-3.3836e-002	0.60321	989.97	-36.415	2.8817e-002	
105	1	5.8061e-002	674.66	624.35	-1.6883	13875	-3.4085e-002	0.59399	-594.32	55.843	2.8706e-002	
106	1	5.8562e-002	570.72	533.27	-1.6974	13331	-3.4394e-002	0.58496	170.07	72.751	2.8584e-002	
107	1	5.9061e-002	279.18	422.96	-1.7062	12935	-3.459e-002	0.57612	298.49	45.543	2.8371e-002	
108	1	5.9561e-002	319.46	348.11	-1.715	12559	-3.4681e-002	0.56735	-143.5	1.1543	2.8089e-002	
109	1	6.0065e-002	265.32	333.9	-1.7238	12294	-3.4741e-002	0.55862	-231.51	-17.296	2.7764e-002	
110	1	6.0574e-002	394.74	372.	-1.7326	11995	-3.4809e-002	0.5499	4.1873	11.576	2.743e-002	
111	1	6.1085e-002	441.4	434.11	-1.7413	11717	-3.4862e-002	0.54124	194.23	56.721	2.7076e-002	
112	1	6.1597e-002	524.13	488.4	-1.7499	11364	-3.488e-002	0.5327	17.957	68.045	2.6673e-002	
113	1	6.2109e-002	519.71	510.67	-1.7584	11004	-3.4873e-002	0.52429	58.091	10.407	2.6191e-002	
114	1	6.2623e-002	622.49	491.8	-1.7667	10649	-3.4845e-002	0.516	217.08	-124.33	2.5683e-002	
115	1	6.3135e-002				10320						
116	1	6.3135e-002	248.1	441.31	-1.7749		-3.4765e-002	0.50792	-649.02	-301.	2.5168e-002	
117	1	6.3644e-002	621.74	380.05	-1.7829	9995.4	-3.4802e-002	0.50003	-437.95	-456.02	2.472e-002	
118	1	6.4151e-002	189.4	335.62	-1.7907	9763.6	-3.4936e-002	0.49231	-590.44	-548.3	2.4297e-002	
119	1	6.4658e-002	295.37	341.78	-1.7984	9593.7	-3.5206e-002	0.48463	-682.45	-579.09	2.3923e-002	
120	1	6.5164e-002	281.39	417.43	-1.8061	9334.7	-3.556e-002	0.47701	-344.78	-574.5	2.3578e-002	
121	1	6.5672e-002				9010.7						
122	1	6.5672e-002	409.68	536.4	-1.8137		-3.5699e-002	0.46949	-593.37	-556.74	2.3105e-002	
123	1	6.6182e-002	1034.9	628.93	-1.8211	8719.2	-3.5936e-002	0.46204	-319.55	-514.14	2.2629e-002	
124	1	6.6695e-002	649.23	635.31	-1.8285	8482.8	-3.6263e-002	0.4547	-942.47	-405.84	2.2149e-002	
125	1	6.7213e-002	577.97	560.87	-1.8358	8101.6	-3.6533e-002	0.44745	-199.52	-221.44	2.16e-002	
126	1	6.7735e-002	275.57	462.	-1.8429	7858.9	-3.6791e-002	0.44029	279.36	-23.395	2.0997e-002	
127	1	6.8259e-002	410.06	389.47	-1.85	7607.9	-3.701e-002	0.43321	208.89	108.12	2.0328e-002	
128	1	6.8783e-002	339.41	360.05	-1.857	7401.7	-3.7205e-002	0.42622	49.639	151.15	1.9599e-002	
129	1	6.9308e-002	373.19	366.74	-1.864	7195.5	-3.7392e-002	0.41934	122.86	133.32	1.8825e-002	
130	1	6.9834e-002	410.06	395.99	-1.8708	6989.7	-3.756e-002	0.41256	115.99	85.24	1.8006e-002	
131	1	7.0362e-002	416.45	434.76	-1.8775	6785.8	-3.7702e-002	0.40588	-71.085	25.596	1.7138e-002	
132	1	7.0893e-002	506.95	471.82	-1.8842	6566.5	-3.7854e-002	0.39928	12.62	-37.241	1.6228e-002	
133	1	7.1426e-002	500.81	499.23	-1.8907	6330.3	-3.8006e-002	0.39281	15.279	-100.22	1.528e-002	
134	1	7.1961e-002	543.29	515.55	-1.8971	6072.5	-3.8163e-002	0.38645	-362.75	-153.47	1.4318e-002	
135	1	7.2499e-002				5809.9						
136	1	7.2499e-002	507.58	527.11	-1.9034		-3.8311e-002	0.38023	-149.39	-187.22	1.3334e-002	
137	1	7.3038e-002	503.94	543.4	-1.9096	5554.2	-3.8489e-002	0.37416	236.1	-197.27	1.2342e-002	
138	1	7.3578e-002				5297.6						
139	1	7.3578e-002	584.24	568.78	-1.9156		-3.8719e-002	0.36823	-65.169	-133.81	1.1344e-002	
140	1	7.4118e-002	637.22	601.03	-1.9215	5073.	-3.899e-002	0.36233	-775.06	120.04	1.0399e-002	
141	1	7.466e-002	549.9	636.96	-1.9275	4837.4	-3.9309e-002	0.3564	-282.17	601.55	9.5464e-003	
142	1	7.521e-002	655.7	669.14	-1.9334	4601.	-3.9632e-002	0.35055	2492.1	1110.3	8.6679e-003	
143	1	7.5767e-002	652.27	674.85	-1.9392	4351.6	-3.9865e-002	0.34481	1755.2	1345.3	7.7293e-003	
144	1	7.6327e-002				4101.2						
145	1	7.6327e-002	657.81	615.96	-1.9449		-4.0063e-002	0.33925	1239.	1199.1	6.8013e-003	
146	1	7.6881e-002	738.39	460.26	-1.9503	3841.6	-4.0248e-002	0.33394	324.39	800.88	5.935e-003	
147	1	7.743e-002	726.35	236.57	-1.9554	3586.3	-4.0369e-002	0.32888	755.04	341.47	5.1193e-003	
148	1	7.7978e-002	-1243.1	59.863	-1.9603	3335.6	-4.0373e-002	0.32405	-753.69	-35.472	4.3297e-003	
149	1	7.8525e-002	546.11	24.292	-1.9652	3148.3	-4.0484e-002	0.31922	-65.704	-258.34	3.7051e-003	
150	1	7.9071e-002	146.26	103.62	-1.97	3053.3	-4.0581e-002	0.3145	-310.51	-336.97	3.1235e-003	
151	1	7.9614e-002	246.69	222.87	-1.9747	2974.9	-4.0756e-002	0.30983	-360.31	-324.21	2.6236e-003	
152	1	8.0154e-002	310.26	345.46	-1.9793	2842.9	-4.0903e-002	0.30526	-172.92	-267.34	2.1524e-003	
153	1	8.069e-002	371.89	456.1	-1.9837	2705.1	-4.0976e-002	0.30082	-56.036	-192.79	1.698e-003	
154	1	8.1222e-002	639.17	529.02	-1.988		-4.1002e-002	0.29654	-401.77	-102.72	1.2737e-003	
155	1	8.1222e-002				2564.3						
156	1	8.1752e-002	673.97	536.9	-1.9921		-4.1017e-002	0.29244	-25.637	-1.317	9.064e-004	
157	1	8.1752e-002				2391.5						
158	1	8.2279e-002	470.7	481.26	-1.996	2253.1	-4.0972e-002	0.28851	456.99	76.887	5.3783e-004	
159	1	8.2806e-002	309.91	400.12	-1.9998	2134.7	-4.0886e-002	0.28472	188.62	111.05	1.4428e-004	
160	1	8.3334e-002	278.78	337.61	-2.0035		-4.0818e-002	0.28102	-345.94	139.93	-2.4777e-004	
161	1	8.3334e-002				2066.5						
162	1	8.3864e-002	295.07	313.44	-2.0071	1972.5	-4.078e-002	0.27739	160.96	201.53	-6.486e-004	
163	1	8.4396e-002				1871.8						
164	1	8.4396e-002	375.84	321.39	-2.0106		-4.0761e-002	0.27385	432.56	256.68	-1.0737e-003	
165	1	8.4928e-002	320.28	346.71	-2.0141		-4.0727e-002	0.27042	202.03	216.68	-1.5046e-003	
166	1	8.4928e-002				1775.8						
167	1	8.546e-002	304.13	375.25	-2.0174	1695.	-4.072e-002	0.26708	126.83	9.0836	-1.9107e-003	
168	1	8.5993e-002	354.24	383.37	-2.0206	1606.8	-4.0718e-002	0.26385	-10.71	-388.86	-2.3281e-003	
169	1	8.6529e-002	536.67	333.74	-2.0238		-4.0748e-002	0.26072	-853.18	-916.21	-2.7556e-003	
170	1	8.6529e-002				1525.9						
171	1	8.7069e-002				1455.8						
172	1	8.7069e-002	340.85	205.16	-2.0269		-4.0681e-002	0.25767	-1987.7	-1427.7	-3.4366e-003	
173	1	8.7615e-002	430.68	44.767	-2.0299	1379.7	-4.0682e-002	0.25469	-1463.1	-1775.2	-4.1271e-003	
174	1	8.8166e-002	-1220.9	-32.242	-2.0328	1293.2	-4.0714e-002	0.25181	-2812.3	-1894.3	-4.8298e-003	
175	1	8.8721e-002	385.88	42.263	-2.0358	1210.4	-4.0901e-002	0.2488	-1156.3	-1835.7	-5.3512e-003	
176	1	8.928e-002	452.38	202.85	-2.0388	1130.2	-4.1086e-002	0.24587	-1626.4	-1720.	-5.8925e-003	
177	1	8.9843e-002	409.74	340.84	-2.0417		-4.1298e-002	0.24305	-1774.	-1634.5	-6.4413e-003	
178	1	8.9843e-002				1055.3						
179	1	9.0409e-002	407.43	415.58	-2.0444	983.51	-4.1497e-002	0.24036	-1447.4	-1598.7	-7.0011e-003	
180	1	9.0978e-002	404.97	445.12	-2.047	912.87	-4.1638e-002	0.2378	-1754.4	-1608.	-7.6094e-003	
181	1	9.1548e-002	391.91	456.29	-2.0495	846.82	-4.1748e-002	0.23539	-1605.9	-1661.3	-8.2603e-003	
182	1	9.2117e-002	500.92	461.16	-2.0519	775.05	-4.1903e-002	0.23303	-1672.6	-1760.8	-8.8253e-003	
183	1	9.2683e-002	468.25	458.35	-2.0542	707.35	-4.2073e-002	0.23076	-1875.9	-1899.2	-9.391e-003	
184	1	9.3246e-002	429.76	445.25	-2.0564	648.53	-4.2284e-002	0.22866	-2034.7	-2044.5	-9.9491e-003	
185	1	9.3811e-002	413.59	422.17	-2.0585	591.32	-4.2572e-002	0.22666	-2070.6	-2141.7	-1.0456e-002	
186	1	9.4376e-002	392.39	387.9	-2.0605	538.64	-4.2899e-002	0.22475	-2454.3	-2128.8	-1.0938e-002	
187	1	9.4942e-002	420.25	341.01	-2.0623		-4.3308e-002	0.22295	-2270.5	-1982.4	-1.1396e-002	
188	1	9.4942e-002				485.97						
189	1	9.5509e-002	172.65	286.37	-2.0641	451.4	-4.3751e-002	0.22125	-994.74	-1750.6	-1.1843e-002	
190	1	9.6076e-002	331.93	233.32	-2.0658	403.17	-4.4214e-002	0.21964	-2099.9	-1500.2	-1.2273e-002	
191	1	9.6643e-002	126.17	190.16	-2.0674	379.84	-4.47e-002	0.21811	-1039.	-1267.1	-1.2677e-002	
192	1	9.721e-002	155.52	163.51	-2.0689	358.89	-4.5207e-002	0.21665	-1003.3	-1082.8	-1.3064e-002	
193	1	9.7777e-002	175.79	155.96	-2.0704	336.76	-4.5741e-002	0.21524	-1059.6	-979.97	-1.3432e-002	
194	1	9.8344e-002	166.32	165.75	-2.0718	315.73	-4.6306e-002	0.21389	-1030.2	-976.62	-1.3779e-002	
195	1	9.8913e-002	172.49	191.32	-2.0732	294.43	-4.6897e-002	0.2126	-919.04	-1090.	-1.4108e-002	
196	1	9.9482e-002	178.64	229.34	-2.0744	273.54	-4.7517e-002	0.21138	-1024.6	-1322.7	-1.4418e-002	
197	1	0.10005	357.7	269.32	-2.0757	242.94	-4.8137e-002	0.21022	-1868.1	-1618.7	-1.4717e-002	
198	1	0.10062	286.67	299.42	-2.0768	217.89	-4.8745e-002	0.20918	-1929.	-1874.4	-1.4994e-002	
199	1	0.10119	286.03	315.75	-2.0778	196.2	-4.9401e-002	0.20823	-2129.	-2002.9	-1.5231e-002	
200	1	0.10176	334.27	318.73	-2.0787	166.9	-5.0001e-002	0.20738	-2033.6	-1972.9	-1.5479e-002	
201	1	0.10233	362.19	307.91	-2.0795	141.99	-5.0596e-002	0.20664	-2103.	-1814.2	-1.5686e-002	
202	1	0.1029	180.05	285.4	-2.0802	122.7	-5.1184e-002	0.20601	-842.08	-1602.8	-1.5858e-002	
203	1	0.10346	379.23	255.4	-2.0808	109.2	-5.1779e-002	0.20548	-2077.7	-1405.2	-1.6024e-002	
204	1	0.10403	181.2	224.	-2.0813	96.922	-5.2388e-002	0.20505	-961.58	-1254.6	-1.6166e-002	
205	1	0.10459	153.56	202.68	-2.0817	91.759	-5.3027e-002	0.20469	-1020.4	-1182.4	-1.6297e-002	
206	1	0.10515	150.86	199.04	-2.0821	86.584	-5.3679e-002	0.20439	-868.29	-1192.1	-1.6409e-002	
207	1	0.10571	324.43	206.16	-2.0824	81.671	-5.4325e-002	0.20414	-2077.3	-1220.6	-1.6507e-002	
208	1	0.10626	177.24	213.88	-2.0826	77.721	-5.4981e-002	0.20394	-1020.	-1216.7	-1.6587e-002	
209	1	0.10682	196.65	222.38	-2.0828	74.337	-5.5658e-002	0.2038	-859.81	-1218.	-1.6644e-002	
210	1	0.10738	189.39	233.83	-2.0829	71.452	-5.6343e-002	0.20372	-999.	-1269.6	-1.6678e-002	
211	1	0.10793	328.77	240.93	-2.083	71.359	-5.7059e-002	0.20369	-1941.8	-1327.7	-1.6682e-002	
212	1	0.10849	281.	236.	-2.083	71.865	-5.7811e-002	0.20372	-1484.4	-1326.5	-1.6662e-002	
213	1	0.10906	151.67	226.32	-2.0829	72.94	-5.8595e-002	0.20381	-961.63	-1288.8	-1.662e-002	
214	1	0.10962	161.22	226.63	-2.0828	74.999	-5.9416e-002	0.20395	-955.83	-1289.5	-1.656e-002	
215	1	0.11019	348.75	240.03	-2.0827	78.243	-6.0279e-002	0.20414	-1911.2	-1351.4	-1.6481e-002	
216	1	0.11075	166.92	259.03	-2.0824	82.884	-6.1187e-002	0.20439	-934.47	-1447.7	-1.638e-002	
217	1	0.11132	329.84	276.21	-2.0822	88.92	-6.2142e-002	0.20469	-1817.5	-1548.2	-1.6257e-002	
218	1	0.11189	304.91	285.88	-2.0818	96.272	-6.3153e-002	0.20506	-1659.3	-1621.1	-1.611e-002	
219	1	0.11246	262.85	286.36	-2.0814	101.88	-6.4171e-002	0.20549	-1660.7	-1644.4	-1.5957e-002	
220	1	0.11303	281.57	280.97	-2.0809	107.57	-6.5134e-002	0.206	-1571.5	-1624.4	-1.5804e-002	
221	1	0.11361	284.6	273.11	-2.0803	114.8	-6.6021e-002	0.20659	-1592.8	-1578.7	-1.5659e-002	
222	1	0.11418	245.79	264.63	-2.0797	124.38	-6.685e-002	0.20726	-1480.5	-1517.9	-1.5516e-002	
223	1	0.11476	263.87	256.7	-2.0789	133.43	-6.7593e-002	0.208	-1484.	-1445.	-1.5391e-002	
224	1	0.11534	252.03	249.22	-2.0781	146.54	-6.8273e-002	0.20882	-1378.1	-1361.3	-1.5262e-002	
225	1	0.11593	240.89	241.77	-2.0772	158.85	-6.8866e-002	0.20971	-1251.3	-1273.1	-1.5134e-002	
226	1	0.11651	233.63	234.68	-2.0763	174.15	-6.9374e-002	0.21068	-1187.7	-1191.1	-1.5009e-002	
227	1	0.1171	211.27	228.01	-2.0752	190.98	-6.9848e-002	0.21172	-913.28	-1117.6	-1.4862e-002	
228	1	0.11768	246.99	220.16	-2.0741	207.57	-7.0239e-002	0.21283	-1152.2	-1027.7	-1.4712e-002	
229	1	0.11828	216.69	209.86	-2.073	226.14	-7.057e-002	0.21401	-816.4	-867.78	-1.4555e-002	
230	1	0.11887	197.64	199.92	-2.0717	246.08	-7.083e-002	0.21527	-823.72	-583.15	-1.4397e-002	
231	1	0.11947	161.46	196.23	-2.0704	266.62	-7.102e-002	0.21659	-787.73	-173.49	-1.4235e-002	
232	1	0.12006	198.15	201.14	-2.069	287.62	-7.114e-002	0.21798	986.48	253.81	-1.4056e-002	
233	1	0.12066	238.37	210.2	-2.0675	312.48	-7.1189e-002	0.21943	854.01	544.08	-1.3869e-002	
234	1	0.12126	174.48	215.88	-2.066	333.59	-7.1193e-002	0.22095	473.14	639.34	-1.3669e-002	
235	1	0.12186	244.31	210.32	-2.0644	356.23	-7.1174e-002	0.22252	600.08	603.95	-1.3449e-002	
236	1	0.12246	260.3	188.11	-2.0628	381.09	-7.1093e-002	0.22416	312.77	528.26	-1.3225e-002	
237	1	0.12307	102.02	154.37	-2.0611	404.19	-7.0948e-002	0.22587	453.4	459.13	-1.3002e-002	
238	1	0.12367	104.97	124.68	-2.0593	427.7	-7.0732e-002	0.22763	455.81	393.37	-1.279e-002	
239	1	0.12428	109.89	112.06	-2.0575	450.44	-7.0465e-002	0.22945	380.11	307.65	-1.2598e-002	
240	1	0.12489	73.037	118.73	-2.0556	473.64	-7.0144e-002	0.23132	252.44	195.45	-1.245e-002	
241	1	0.1255	168.89	136.63	-2.0536	492.99	-6.9756e-002	0.23325	66.414	81.39	-1.2345e-002	
242	1	0.12611	160.79	151.97	-2.0517	515.98	-6.9298e-002	0.23523	-108.89	8.1189	-1.2279e-002	
243	1	0.12672	165.13	152.89	-2.0496	539.27	-6.8801e-002	0.23727	-141.97	4.2092	-1.2249e-002	
244	1	0.12734	167.99	135.17	-2.0475	562.08	-6.8268e-002	0.23937	150.48	56.518	-1.224e-002	
245	1	0.12796	86.931	103.48	-2.0454	581.36	-6.7674e-002	0.24152	244.	121.83	-1.2257e-002	
246	1	0.12858	99.022	70.098	-2.0431	603.95	-6.7011e-002	0.24375	89.367	166.47	-1.2311e-002	
247	1	0.12921	-61.667	49.009	-2.0409	621.85	-6.6314e-002	0.24605	224.18	181.09	-1.2388e-002	
248	1	0.12984	124.76	46.381	-2.0385	642.88	-6.56e-002	0.2484	172.75	166.76	-1.2502e-002	
249	1	0.13047	-5.2964	57.424	-2.0361	663.93	-6.4853e-002	0.25081	162.4	129.06	-1.2654e-002	
250	1	0.13111	120.35	72.244	-2.0337	684.68	-6.4071e-002	0.25328	-16.952	79.451	-1.2839e-002	
251	1	0.13175	94.142	82.031	-2.0311	704.64	-6.3289e-002	0.25581	115.65	28.284	-1.3027e-002	
252	1	0.13239	82.92	83.689	-2.0286	723.38	-6.2478e-002	0.25838	-61.52	-18.691	-1.3238e-002	
253	1	0.13304	68.15	80.639	-2.026	741.03	-6.1634e-002	0.26102	-76.147	-56.398	-1.3482e-002	
254	1	0.13369	69.193	77.48	-2.0233	759.57	-6.0755e-002	0.2637	-44.34	-81.362	-1.3752e-002	
255	1	0.13434	77.622	75.429	-2.0206	774.73	-5.9838e-002	0.26644	-115.79	-92.805	-1.4047e-002	
256	1	0.13499	85.794	72.953	-2.0178	788.63	-5.8889e-002	0.26922	-57.036	-88.556	-1.437e-002	
257	1	0.13565	73.84	69.338	-2.015	803.21	-5.7906e-002	0.27205	-125.14	-64.495	-1.4722e-002	
258	1	0.13631	40.605	66.302	-2.0122	811.4	-5.6928e-002	0.2749	-59.021	-21.589	-1.5092e-002	
259	1	0.13697	75.57	65.156	-2.0093	823.33	-5.5968e-002	0.27779	85.759	26.927	-1.5487e-002	
260	1	0.13763	71.848	64.61	-2.0064	836.01	-5.5011e-002	0.28072	88.654	61.768	-1.5909e-002	
261	1	0.13829	62.57	63.119	-2.0035	848.34	-5.4056e-002	0.28369	89.337	72.949	-1.6357e-002	
262	1	0.13896	54.888	60.921	-2.0005	858.9	-5.3102e-002	0.2867	75.924	65.659	-1.6843e-002	
263	1	0.13962	59.889	58.713	-1.9975	871.17	-5.2156e-002	0.28974	-21.213	53.16	-1.7364e-002	
264	1	0.14029	58.58	56.344	-1.9944	879.92	-5.1224e-002	0.2928	69.451	44.577	-1.7906e-002	
265	1	0.14096	53.504	53.368	-1.9914	887.68	-5.03e-002	0.2959	42.549	39.064	-1.8478e-002	
266	1	0.14163	48.958	49.751	-1.9883	897.53	-4.9386e-002	0.29901	43.475	31.854	-1.9078e-002	
267	1	0.1423	43.651	45.66	-1.9852	904.67	-4.8482e-002	0.30215	25.809	21.556	-1.9704e-002	
268	1	0.14297	42.583	40.97	-1.982	911.27	-4.7596e-002	0.30531	-6.3044	10.569	-2.0354e-002	
269	1	0.14364	39.314	35.392	-1.9789	919.22	-4.674e-002	0.30849	-17.108	0.94174	-2.102e-002	
270	1	0.1443				925.76						
271	1	0.1443	26.542	29.122	-1.9757		-4.5905e-002	0.31167	31.702	-8.9116	-2.1695e-002	
272	1	0.14497	29.53	23.195	-1.9726	930.33	-4.5073e-002	0.31486	-31.865	-21.264	-2.2364e-002	
273	1	0.14564	-0.8908	18.903	-1.9694	933.97	-4.4254e-002	0.31807	-42.303	-34.737	-2.3022e-002	
274	1	0.1463	25.009	16.187	-1.9662	937.47	-4.3455e-002	0.32127	-44.421	-46.131	-2.3678e-002	
275	1	0.14697	18.269	13.05	-1.963	940.54	-4.2679e-002	0.32448	-56.775	-53.759	-2.4341e-002	
276	1	0.14763	11.956	7.6806	-1.9598	942.23	-4.193e-002	0.32768	-57.589	-57.427	-2.5011e-002	
277	1	0.14829	-4.21	0.33667	-1.9567	940.13	-4.1202e-002	0.33087	-54.917	-57.53	-2.5681e-002	
278	1	0.14895	-3.8395	-7.3058	-1.9535	937.9	-4.0493e-002	0.33405	-54.336	-54.486	-2.6349e-002	
279	1	0.14961	-15.755	-13.344	-1.9504	935.1	-3.9807e-002	0.33722	-51.662	-48.391	-2.7018e-002	
280	1	0.15027	-26.979	-16.343	-1.9472	929.94	-3.9144e-002	0.34037	-38.061	-39.359	-2.7698e-002	
281	1	0.15092	-10.411	-16.325	-1.9441	926.28	-3.8498e-002	0.3435	-37.956	-28.235	-2.84e-002	
282	1	0.15158	-14.56	-14.916	-1.941	929.08	-3.788e-002	0.34662	-21.402	-17.534	-2.9116e-002	
283	1	0.15223	-4.8077	-13.712	-1.9379	926.74	-3.7289e-002	0.34973	10.244	-11.52	-2.9833e-002	
284	1	0.15288	-19.364	-12.77	-1.9348	923.14	-3.6702e-002	0.35283	-5.8685	-13.284	-3.0549e-002	
285	1	0.15353	-16.969	-11.147	-1.9318	919.01	-3.6121e-002	0.35592	-23.151	-21.269	-3.1253e-002	
286	1	0.15418	-6.2685	-8.7524	-1.9287		-3.5552e-002	0.359	-38.648	-30.027	-3.1958e-002	
287	1	0.15418				916.96						
288	1	0.15483	-2.3676	-6.8229	-1.9256	915.64	-3.4999e-002	0.36208	-46.766	-34.347	-3.2678e-002	
289	1	0.15548	-3.689	-6.4002	-1.9226	914.64	-3.4465e-002	0.36516	-37.317	-32.72	-3.3421e-002	
290	1	0.15613	-10.626	-7.1915	-1.9195	912.63	-3.3943e-002	0.36824	-15.822	-27.732	-3.4177e-002	
291	1	0.15678				910.37						
292	1	0.15678	-9.6037	-8.1581	-1.9164		-3.3429e-002	0.37131	-17.83	-23.116	-3.4938e-002	
293	1	0.15743	-7.1882	-8.5987	-1.9134	908.29	-3.2924e-002	0.37437	-29.953	-20.773	-3.5708e-002	
294	1	0.15808	-9.6051	-8.3463	-1.9103		-3.2429e-002	0.37743	-14.158	-21.032	-3.6493e-002	
295	1	0.15808				906.64						
296	1	0.15873	-8.2357	-7.4628	-1.9073		-3.1942e-002	0.38049	-21.02	-23.934	-3.7288e-002	
297	1	0.15873				904.95						
298	1	0.15939	-4.7813	-6.1862	-1.9042	903.38	-3.1464e-002	0.38355	-26.646	-28.697	-3.8098e-002	
299	1	0.16004	-3.6667	-4.8068	-1.9012	901.93	-3.0996e-002	0.38661	-43.018	-33.343	-3.8922e-002	
300	1	0.16069	-6.4345	-3.4187	-1.8981	899.78	-3.0543e-002	0.38966	-37.399	-36.208	-3.9756e-002	
301	1	0.16135	-2.5952	-2.1449	-1.895	898.05	-3.0104e-002	0.39273	-30.397	-37.196	-4.0601e-002	
302	1	0.16201	0.38399	-1.5277	-1.892	897.53	-2.9678e-002	0.39581	-39.782	-36.891	-4.1468e-002	
303	1	0.16267	-0.2982	-2.2497	-1.8889	897.13	-2.9268e-002	0.39891	-37.572	-35.435	-4.2363e-002	
304	1	0.16333	-2.1056	-4.4089	-1.8858	896.47	-2.8873e-002	0.40201	-32.47	-32.95	-4.3282e-002	
305	1	0.164	-10.387	-7.2325	-1.8826	893.9	-2.849e-002	0.40512	-27.975	-30.032	-4.4217e-002	
306	1	0.16467	-11.69	-9.6381	-1.8795	890.2	-2.8114e-002	0.40823	-30.631	-27.401	-4.5145e-002	
307	1	0.16534	-8.3859	-11.009	-1.8764	886.72	-2.7745e-002	0.41135	-33.49	-26.067	-4.6071e-002	
308	1	0.16602	-16.186	-11.322	-1.8733	883.93	-2.7388e-002	0.41448	-2.5637	-27.571	-4.7001e-002	
309	1	0.16669	-7.6729	-10.963	-1.8701	880.46	-2.7035e-002	0.41761	-36.84	-32.069	-4.7927e-002	
310	1	0.16737	-9.8454	-10.561	-1.867	878.25	-2.6697e-002	0.42075	-48.593	-36.708	-4.8854e-002	
311	1	0.16806	-10.446	-10.538	-1.8638	875.63	-2.6379e-002	0.4239	-41.3	-38.171	-4.979e-002	
312	1	0.16874				872.92						
313	1	0.16874	-9.4737	-10.817	-1.8607		-2.608e-002	0.42705	-39.767	-35.991	-5.0729e-002	
314	1	0.16943	-14.718	-11.031	-1.8575	869.78	-2.5799e-002	0.43021	-18.682	-32.234	-5.1672e-002	
315	1	0.17011	-9.6313	-10.96	-1.8543	867.02	-2.5529e-002	0.43336	-30.356	-28.773	-5.2617e-002	
316	1	0.1708	-8.4745	-10.701	-1.8512	864.66	-2.5272e-002	0.4365	-26.504	-25.533	-5.3569e-002	
317	1	0.17149	-10.675	-10.248	-1.848	861.92	-2.5027e-002	0.43965	-18.792	-21.071	-5.4524e-002	
318	1	0.17218	-15.352	-9.338	-1.8449	858.4	-2.4792e-002	0.44278	-30.654	-14.15	-5.5476e-002	
319	1	0.17286	-2.5647	-8.0889	-1.8418	855.64	-2.4569e-002	0.44591	-7.652	-5.6209	-5.6426e-002	
320	1	0.17355	-7.1288	-7.0893	-1.8386	854.12	-2.4343e-002	0.44903	29.163	1.1868	-5.7363e-002	
321	1	0.17424	-7.8548	-6.6723	-1.8355	852.19	-2.4109e-002	0.45215	-6.1736	3.8497	-5.8273e-002	
322	1	0.17493	-5.8349	-6.7514	-1.8323	850.05	-2.3876e-002	0.45527	0.18081	3.4287	-5.9173e-002	
323	1	0.17562	-6.7398	-7.1578	-1.8292	847.93	-2.3642e-002	0.4584	2.8028	2.2848	-6.0065e-002	
324	1	0.17631	-7.2539	-7.626	-1.826	845.66	-2.3407e-002	0.46153	0.86517	1.7189	-6.0946e-002	
325	1	0.177	-9.6703	-7.7321	-1.8229	843.13	-2.3172e-002	0.46466	-0.61359	2.123	-6.1817e-002	
326	1	0.1777	-8.4503	-7.1981	-1.8197	840.58	-2.2936e-002	0.4678	6.6173	3.3995	-6.2682e-002	
327	1	0.1784	-6.6239	-6.2721	-1.8166	838.2	-2.2695e-002	0.47095	3.7737	5.1773	-6.3544e-002	
328	1	0.1791	-2.8072	-5.6711	-1.8134	836.49	-2.2451e-002	0.47411	4.1878	7.0511	-6.4397e-002	
329	1	0.1798	-2.495	-5.9092	-1.8102	835.08	-2.2204e-002	0.47727	16.977	8.5693	-6.5236e-002	
330	1	0.18051	-10.119	-6.6389	-1.807	832.99	-2.1949e-002	0.48044	4.5878	9.5957	-6.6062e-002	
331	1	0.18121	-11.175	-7.0407	-1.8038	829.88	-2.169e-002	0.48361	8.6934	10.542	-6.6878e-002	
332	1	0.18192	-5.6531	-6.9775	-1.8006	827.26	-2.1425e-002	0.48679	13.632	11.657	-6.7683e-002	
333	1	0.18264	-4.1839	-7.2528	-1.7974		-2.1153e-002	0.48998	13.274	12.69	-6.8481e-002	
334	1	0.18264				825.57						
335	1	0.18335	-5.9326	-8.5703	-1.7942	823.82	-2.0874e-002	0.49319	14.716	13.499	-6.9272e-002	
336	1	0.18407	-12.559	-10.65	-1.7909	820.51	-2.0584e-002	0.4964	12.466	14.375	-7.0044e-002	
337	1	0.1848	-16.063	-12.572	-1.7877	816.81	-2.0286e-002	0.49961	11.149	15.596	-7.0801e-002	
338	1	0.18552	-13.216	-13.81	-1.7845	813.04	-1.9981e-002	0.50283	18.752	16.68	-7.1549e-002	
339	1	0.18625	-13.601	-14.622	-1.7812	809.37	-1.9665e-002	0.50605	23.814	16.533	-7.2283e-002	
340	1	0.18697	-14.193	-15.509	-1.778	805.77	-1.9337e-002	0.50926	13.675	14.788	-7.3002e-002	
341	1	0.1877	-14.925	-16.554	-1.7747	801.98	-1.9e-002	0.51248	11.43	12.538	-7.3707e-002	
342	1	0.18843	-22.713	-17.365	-1.7715	797.19	-1.8659e-002	0.51568	3.5266	11.309	-7.4396e-002	
343	1	0.18916	-15.278	-17.648	-1.7683	792.56	-1.8314e-002	0.51888	11.92	11.421	-7.5065e-002	
344	1	0.18989	-16.906	-17.605	-1.7651	788.71	-1.7962e-002	0.52207	17.575	11.652	-7.5717e-002	
345	1	0.19063	-17.899	-17.542	-1.7618	784.38	-1.7602e-002	0.52525	10.866	10.593	-7.6351e-002	
346	1	0.19136	-16.197	-17.483	-1.7586	780.24	-1.7241e-002	0.52842	9.9647	7.9804	-7.6963e-002	
347	1	0.19209	-18.29	-17.202	-1.7555	776.15	-1.6878e-002	0.53158	3.7413	4.6965	-7.7556e-002	
348	1	0.19282	-18.275	-16.448	-1.7523	771.88	-1.6514e-002	0.53473	-3.0165	1.9754	-7.8133e-002	
349	1	0.19354	-16.217	-15.314	-1.7491	767.72	-1.6149e-002	0.53787	8.1828	0.70191	-7.8693e-002	
350	1	0.19427	-10.636	-14.38	-1.746	764.28	-1.5786e-002	0.541	-1.9117	1.5745	-7.9248e-002	
351	1	0.195	-15.838	-14.241	-1.7428	761.29	-1.5426e-002	0.54411	-12.62	5.0255	-7.9806e-002	
352	1	0.19573	-14.567	-15.099	-1.7397	758.12	-1.5068e-002	0.54723	28.426	9.8141	-8.0372e-002	
353	1	0.19646	-13.547	-16.817	-1.7365	754.7	-1.4702e-002	0.55033	7.4507	13.178	-8.0936e-002	
354	1	0.19719	-21.636	-18.872	-1.7334	749.62	-1.4333e-002	0.55342	28.169	13.384	-8.1494e-002	
355	1	0.19792	-21.33	-20.461	-1.7303	745.05	-1.3955e-002	0.5565	3.9435	11.287	-8.2039e-002	
356	1	0.19864	-20.791	-20.993	-1.7272	740.43	-1.3569e-002	0.55957	-3.2831	9.2264	-8.2572e-002	
357	1	0.19937	-22.264	-20.371	-1.7241	735.87	-1.318e-002	0.56262	16.564	8.4082	-8.3089e-002	
358	1	0.2001	-18.989	-18.941	-1.721	731.17	-1.2784e-002	0.56566	6.6649	8.0013	-8.3594e-002	
359	1	0.20082	-13.772	-17.327	-1.718	727.52	-1.2386e-002	0.56869	17.61	7.0618	-8.409e-002	
360	1	0.20155	-19.274	-16.039	-1.7149	724.18	-1.1982e-002	0.5717	-13.141	5.8764	-8.4576e-002	
361	1	0.20227	-13.477	-15.304	-1.7119	720.2	-1.158e-002	0.57469	14.292	4.7178	-8.5048e-002	
362	1	0.20299	-16.031	-15.299	-1.7089	716.91	-1.1175e-002	0.57768	4.2075	2.6921	-8.551e-002	
363	1	0.20371	-13.255	-16.151	-1.7059	713.61	-1.0766e-002	0.58066	4.7494	-0.96568	-8.5964e-002	
364	1	0.20444	-17.361	-17.584	-1.7029	710.21	-1.0354e-002	0.58364	-10.137	-5.3985	-8.641e-002	
365	1	0.20516	-23.34	-18.878	-1.6999	705.55	-9.9452e-003	0.58661	-18.277	-8.9929	-8.6846e-002	
366	1	0.20589	-19.09	-19.498	-1.6969	701.17	-9.5432e-003	0.58957	7.9377	-10.915	-8.727e-002	
367	1	0.20661	-16.584	-19.548	-1.6939	697.14	-9.1408e-003	0.59251	-32.518	-10.86	-8.7683e-002	
368	1	0.20734	-21.881	-19.338	-1.6909	692.76	-8.7436e-003	0.59545	-3.6418	-8.8801	-8.8083e-002	
369	1	0.20806	-18.781	-19.003	-1.6879	688.53	-8.348e-003	0.59838	-1.0405	-6.3346	-8.8471e-002	
370	1	0.20879	-18.219	-18.733	-1.685	684.76	-7.9592e-003	0.60132	-4.5223	-5.0945	-8.8846e-002	
371	1	0.20952	-16.309	-18.765	-1.682	681.22	-7.5759e-003	0.60424	-3.8467	-5.7986	-8.921e-002	
372	1	0.21025	-23.032	-19.082	-1.6791	677.07	-7.1953e-003	0.60717	-10.978	-7.88	-8.9563e-002	
373	1	0.21098	-17.704	-19.559	-1.6761	672.8	-6.8188e-003	0.6101	-14.099	-10.652	-8.9903e-002	
374	1	0.21172				669.21						
375	1	0.21172	-17.859	-20.199	-1.6731		-6.4449e-003	0.61303	-3.8263	-13.911	-9.0233e-002	
376	1	0.21246	-22.682	-20.818	-1.6702	664.9	-6.0723e-003	0.61596	-21.729	-17.29	-9.055e-002	
377	1	0.2132	-24.002	-20.987	-1.6672	660.05	-5.7097e-003	0.6189	-28.307	-19.813	-9.0854e-002	
378	1	0.21395	-18.622	-20.627	-1.6642	655.7	-5.3603e-003	0.62183	-18.438	-21.235	-9.1142e-002	
379	1	0.2147	-18.34	-20.126	-1.6613	651.91	-5.0199e-003	0.62477	-18.938	-22.832	-9.1418e-002	
380	1	0.21545	-21.043	-19.735	-1.6583	647.8	-4.6898e-003	0.6277	-26.329	-26.096	-9.1679e-002	
381	1	0.2162	-20.133	-19.366	-1.6554	643.57	-4.373e-003	0.63063	-22.461	-31.335	-9.1926e-002	
382	1	0.21696	-18.747	-18.984	-1.6524	639.86	-4.0748e-003	0.63356	-46.774	-37.356	-9.2161e-002	
383	1	0.21771	-17.524	-18.759	-1.6495	636.02	-3.8021e-003	0.63648	-42.102	-42.311	-9.2387e-002	
384	1	0.21847	-20.133	-18.836	-1.6465	632.33	-3.5539e-003	0.6394	-49.523	-45.214	-9.2604e-002	
385	1	0.21922	-18.418	-19.25	-1.6436	628.37	-3.3327e-003	0.6423	-42.906	-46.514	-9.2812e-002	
386	1	0.21998	-17.967	-19.937	-1.6407	624.81	-3.1359e-003	0.64519	-40.259	-47.121	-9.301e-002	
387	1	0.22073	-22.852	-20.606	-1.6378		-2.9634e-003	0.64806	-53.237	-47.041	-9.3198e-002	
388	1	0.22073				620.76						
389	1	0.22149	-20.988	-20.798	-1.6349	616.52	-2.8198e-003	0.65093	-46.045	-45.379	-9.3375e-002	
390	1	0.22224	-20.773	-20.268	-1.632	612.51	-2.7031e-003	0.6538	-43.396	-41.608	-9.3543e-002	
391	1	0.223	-19.938	-19.151	-1.6291	608.61	-2.6111e-003	0.65665	-38.649	-36.297	-9.37e-002	
392	1	0.22376	-17.861	-17.903	-1.6263	605.03	-2.5392e-003	0.6595	-24.015	-30.79	-9.3849e-002	
393	1	0.22452	-15.959	-17.171	-1.6234	601.75	-2.484e-003	0.66233	-26.71	-26.266	-9.3992e-002	
394	1	0.22527	-13.685	-17.424	-1.6206	598.88	-2.4437e-003	0.66516	-22.94	-22.939	-9.4129e-002	
395	1	0.22603	-23.602	-18.552	-1.6177	595.84	-2.4154e-003	0.66797	-21.634	-20.299	-9.4262e-002	
396	1	0.22678	-15.074	-20.024	-1.6149	590.52	-2.4015e-003	0.67077	-13.697	-17.708	-9.44e-002	
397	1	0.22754	-25.966	-21.275	-1.6121	584.62	-2.392e-003	0.67355	-21.413	-14.506	-9.4538e-002	
398	1	0.22829	-23.073	-21.971	-1.6093	581.07	-2.3897e-003	0.67632	-15.088	-10.5	-9.468e-002	
399	1	0.22904	-18.762	-22.277	-1.6066	577.83	-2.3917e-003	0.67906	5.93	-6.6341	-9.4826e-002	
400	1	0.22979	-22.819	-22.588	-1.6038	573.42	-2.3937e-003	0.68179	-10.084	-4.0933	-9.4973e-002	
401	1	0.23054	-23.817	-22.943	-1.6011		-2.3979e-003	0.6845	-3.4684	-3.1592	-9.5127e-002	
402	1	0.23054				568.55						
403	1	0.23129	-21.931	-23.059	-1.5984	564.18	-2.4004e-003	0.68718	5.4895	-3.504	-9.5291e-002	
404	1	0.23203				559.76						
405	1	0.23203	-24.434	-22.654	-1.5957		-2.4011e-003	0.68985	-12.895	-4.3071	-9.5461e-002	
406	1	0.23277	-23.841	-21.661	-1.5931	555.22	-2.4075e-003	0.6925	-8.0744	-4.4422	-9.564e-002	
407	1	0.23351	-19.063	-20.513	-1.5904	551.21	-2.4176e-003	0.69513	-1.7728	-3.7738	-9.5829e-002	
408	1	0.23425	-15.917	-19.965	-1.5878	547.9	-2.4287e-003	0.69775	-1.0093	-3.4466	-9.6026e-002	
409	1	0.235	-20.619	-20.283	-1.5851	544.42	-2.4404e-003	0.70037	-1.6151	-4.5506	-9.6229e-002	
410	1	0.23574	-23.649	-20.898	-1.5825	540.16	-2.453e-003	0.70296	-2.1543	-6.9366	-9.6442e-002	
411	1	0.23647				535.89						
412	1	0.23647	-23.825	-21.178	-1.5799		-2.4674e-003	0.70554	-17.145	-9.0462	-9.6665e-002	
413	1	0.23721	-18.608	-21.244	-1.5774	532.34	-2.4883e-003	0.70809	-15.634	-9.1805	-9.6896e-002	
414	1	0.23794	-17.84	-21.671	-1.5748	529.11	-2.5154e-003	0.71064	-1.4418	-7.2636	-9.7132e-002	
415	1	0.23868	-24.154	-22.467	-1.5722	525.22	-2.5438e-003	0.71318	-2.6451	-4.6511	-9.7376e-002	
416	1	0.23942	-25.981	-22.908	-1.5697	520.65	-2.5739e-003	0.71571	-3.3581	-2.4161	-9.7633e-002	
417	1	0.24016	-22.196	-22.416	-1.5671	516.33	-2.6057e-003	0.71823	-2.912	-0.82844	-9.7906e-002	
418	1	0.2409	-20.584	-21.112	-1.5646	512.59	-2.6393e-003	0.72075	6.8416	7.3012e-002	-9.8191e-002	
419	1	0.24165	-19.128	-19.47	-1.5621	508.77	-2.6692e-003	0.72326	-2.1115	0.60175	-9.8487e-002	
420	1	0.24239	-17.342	-17.865	-1.5596	505.37	-2.6985e-003	0.72576	-0.4874	1.7091	-9.8792e-002	
421	1	0.24313	-16.589	-16.451	-1.557	501.64	-2.7244e-003	0.72825	-1.0564	4.1619	-9.9104e-002	
422	1	0.24388	-17.326	-15.296	-1.5545	498.86	-2.7469e-003	0.73074	12.871	7.5809	-9.9423e-002	
423	1	0.24462	-11.712	-14.596	-1.552	495.69	-2.7642e-003	0.73321	10.259	10.813	-9.9751e-002	
424	1	0.24537	-15.451	-14.599	-1.5496	492.67	-2.7758e-003	0.73568	12.658	12.919	-0.10009	
425	1	0.24611	-15.177	-15.352	-1.5471	489.8	-2.7801e-003	0.73813	15.843	13.451	-0.10043	
426	1	0.24686	-14.968	-16.663	-1.5446	486.8	-2.7757e-003	0.74058	16.288	12.478	-0.10078	
427	1	0.2476	-16.95	-18.048	-1.5421	483.6	-2.761e-003	0.743	19.043	11.315	-0.10114	
428	1	0.24834	-25.475	-18.756	-1.5397	479.92	-2.7379e-003	0.74542	-13.703	12.561	-0.10151	
429	1	0.24908	-15.58	-18.399	-1.5373	476.5	-2.7132e-003	0.74782	25.032	17.643	-0.10189	
430	1	0.24983	-16.865	-17.376	-1.5349	473.36	-2.6753e-003	0.75022	27.455	24.821	-0.10227	
431	1	0.25										
432	N/A	0.25001	-16.917	-16.342	-1.5343	472.56	-2.6635e-003	0.75081	28.799	30.808	-0.10237	
