	Steps	Time [s]	[A] Acceleration Y on Body-1 - 1 Node - Tip [m/s²]	[B] Acceleration Y on Body-1 - 1 Node - Tip [Filtered] [m/s²]	[C] Position Y on Body-1 - 1 Node-Tip [m]	[D] Kinetic Energy on Body-1-Flare-1 - 2 Bodies [J]	[E] Position Z on Body-1 - 1 Node-Tip [m]	[F] Position Y on Body-1 - 1 Node-Tail [m]	[G] Acceleration Z on Body-1 - 1 Node - Tip [m/s²]	[H] Acceleration Z on Body-1 - 1 Node - Tip [Filtered] [m/s²]	[I] Position Z on Body-1 - 1 Node-Tail [m]	
1	1	0.	0.	42.171	1.048e-002	78286	-4.3477e-004	2.2981	0.	333.24	-2.4816e-003	
2	1	1.5025e-003	551.74	355.57	-5.3056e-002	77164	-1.1503e-002	2.2346	302.85	-175.25	-1.3859e-002	
3	1	2.9935e-003	568.2	578.07	-0.1155	75756	-2.1945e-002	2.1721	-1026.5	-506.88	-2.525e-002	
4	1	4.2805e-003	602.48	678.44	-0.16897	73937	-3.0992e-002	2.1187	-598.96	-505.16	-3.4894e-002	
5	1	5.4198e-003	779.76	685.78	-0.2158	72343	-3.8505e-002	2.0718	57.272	-221.89	-4.3657e-002	
6	1	6.4156e-003	585.1	632.88	-0.25627	70887	-4.4422e-002	2.0313	-194.92	117.96	-5.1518e-002	
7	1	7.3345e-003	605.79	565.25	-0.29325	69328	-4.9599e-002	1.9943	502.4	260.21	-5.8771e-002	
8	1	8.1917e-003	369.06	530.21	-0.32731	67973	-5.417e-002	1.9602	1105.3	94.085	-6.5514e-002	
9	1	9.0053e-003	708.73	533.82	-0.35932	66212	-5.8289e-002	1.9281	-1708.1	-117.21	-7.1923e-002	
10	1	9.7567e-003	492.79	554.79	-0.3885	64722	-6.1764e-002	1.8989	450.57	-6.403	-7.7866e-002	
11	1	1.0468e-002	596.48	596.91	-0.41585	63411	-6.4712e-002	1.8715	529.94	376.24	-8.3537e-002	
12	1	1.1144e-002	621.84	677.86	-0.44149	61916	-6.7358e-002	1.8458	782.68	732.57	-8.8899e-002	
13	1	1.1785e-002	781.63	777.61	-0.46551	60197	-6.9532e-002	1.8218	873.46	930.43	-9.4013e-002	
14	1	1.2408e-002	923.18	838.07	-0.48857	58921	-7.1304e-002	1.7987	946.06	979.26	-9.9048e-002	
15	1	1.3013e-002	914.85	829.84	-0.5107	57747	-7.277e-002	1.7765	1319.5	923.58	-0.10395	
16	1	1.3608e-002	405.29	779.17	-0.53224	56772	-7.4056e-002	1.7549	-101.24	841.55	-0.10882	
17	1	1.4208e-002	1164.1	690.94	-0.55378	55426	-7.5286e-002	1.7333	1628.4	724.45	-0.11374	
18	1	1.4817e-002	372.89	556.2	-0.57536	54594	-7.6198e-002	1.7117	467.51	497.29	-0.1188	
19	1	1.5449e-002	369.2	444.95	-0.59761	53634	-7.706e-002	1.6894	-228.19	267.73	-0.12405	
20	1	1.6104e-002	417.42	439.2	-0.62045	52949	-7.8025e-002	1.6665	185.23	205.9	-0.12941	
21	1	1.6746e-002	482.85	514.78	-0.64261	51951	-7.8864e-002	1.6442	534.87	230.95	-0.13466	
22	1	1.7375e-002	735.46	573.26	-0.66415	50799	-7.9594e-002	1.6226	555.4	191.02	-0.13978	
23	1	1.7992e-002	430.38	539.78	-0.68498	49835	-8.0223e-002	1.6017	-808.74	155.72	-0.14472	
24	1	1.8606e-002	702.79	424.22	-0.70547	48516	-8.0851e-002	1.5811	1124.3	245.84	-0.14955	
25	1	1.9224e-002	155.82	348.77	-0.7258	47302	-8.1181e-002	1.5606	12.493	460.	-0.15453	
26	1	1.9836e-002	183.94	477.76	-0.74572	46330	-8.1287e-002	1.5406	553.77	767.87	-0.1595	
27	1	2.0435e-002	922.06	819.36	-0.765	45410	-8.1104e-002	1.5211	1450.8	1062.2	-0.16445	
28	1	2.1011e-002	1331.1	1167.5	-0.78324	43970	-8.0673e-002	1.5026	1320.1	1172.8	-0.16928	
29	1	2.157e-002	1339.8	1307.6	-0.80066	42907	-8.0075e-002	1.485	807.54	1098.3	-0.17395	
30	1	2.2157e-002	1271.8	1191.9	-0.81872	41800	-7.937e-002	1.4667	988.68	974.27	-0.17871	
31	1	2.2725e-002	884.85	928.77	-0.83592	40602	-7.8514e-002	1.4492	932.4	855.92	-0.18317	
32	1	2.329e-002	551.92	685.24	-0.85279	39907	-7.7489e-002	1.4321	663.86	712.65	-0.18752	
33	1	2.3861e-002				39039						
34	1	2.3861e-002	528.73	566.95	-0.86965		-7.6267e-002	1.4149	635.93	531.18	-0.19191	
35	1	2.4425e-002	611.47	553.23	-0.88613	38632	-7.4947e-002	1.3981	555.64	377.77	-0.19621	
36	1	2.4978e-002	690.32	566.18	-0.90218	38113	-7.3564e-002	1.3817	-250.31	392.43	-0.20039	
37	1	2.5527e-002	387.97	575.35	-0.91796	37676	-7.2168e-002	1.3655	640.12	578.56	-0.20447	
38	1	2.6075e-002	637.68	581.64	-0.93362	37275	-7.0598e-002	1.3495	1405.4	676.41	-0.20858	
39	1	2.6629e-002	723.56	562.47	-0.94932	36570	-6.877e-002	1.3333	31.528	482.49	-0.2128	
40	1	2.72e-002	315.82	515.14	-0.96526	35989	-6.6944e-002	1.317	594.	129.48	-0.21709	
41	1	2.7772e-002	567.86	475.02	-0.98113	35635	-6.5075e-002	1.3006	-912.45	-84.104	-0.22137	
42	1	2.8351e-002	352.63	449.33	-0.99704	34940	-6.3115e-002	1.2842	346.91	-17.354	-0.22573	
43	1	2.8948e-002	697.87	421.19	-1.0133	34584	-6.0967e-002	1.2674	422.88	227.23	-0.23025	
44	1	2.9567e-002	54.543	416.61	-1.03	34328	-5.8671e-002	1.2501	232.78	525.11	-0.23497	
45	1	3.02e-002	645.	473.03	-1.047	33903	-5.6309e-002	1.2325	848.84	834.27	-0.23979	
46	1	3.0833e-002	565.09	567.18	-1.0639	33351	-5.3912e-002	1.215	1143.5	1054.2	-0.24467	
47	1	3.1478e-002	597.63	650.2	-1.0808	32538	-5.1357e-002	1.1974	1313.	1050.3	-0.24975	
48	1	3.2143e-002	725.36	690.78	-1.0979	31722	-4.8548e-002	1.1794	622.7	833.73	-0.25519	
49	1	3.284e-002				31093						
50	1	3.284e-002	586.85	648.08	-1.1156		-4.5317e-002	1.1607	291.06	526.22	-0.26112	
51	1	3.356e-002	769.33	485.56	-1.1337	30454	-4.1721e-002	1.1417	877.48	199.93	-0.2674	
52	1	3.4295e-002	170.59	263.59	-1.1519	30226	-3.7949e-002	1.1223	-813.15	-75.486	-0.27384	
53	1	3.5046e-002	-110.69	151.84	-1.1704	30054	-3.4346e-002	1.1026	133.16	-193.5	-0.2803	
54	1	3.5813e-002	270.11	253.95	-1.1892	29684	-3.064e-002	1.0825	-230.09	-141.03	-0.28693	
55	1	3.6593e-002	552.7	479.2	-1.2082		-2.6924e-002	1.0622	-3.218	8.2639	-0.29372	
56	1	3.6593e-002				29224						
57	1	3.7383e-002	714.68	649.34	-1.2272	28515	-2.3038e-002	1.0418	183.04	179.69	-0.30077	
58	1	3.8187e-002	708.92	657.01	-1.2461	27628	-1.8812e-002	1.0213	332.91	292.82	-0.30821	
59	1	3.9016e-002	568.11	517.29	-1.2651	26841	-1.4172e-002	1.0005	242.66	269.6	-0.31615	
60	1	3.9883e-002	216.9	338.06	-1.2848	26671	-9.177e-003	0.97891	410.93	90.026	-0.32454	
61	1	4.0787e-002	202.37	234.95	-1.3051	26304	-3.9988e-003	0.95649	-372.51	-132.62	-0.33322	
62	1	4.172e-002	234.36	245.47	-1.3259	25821	9.1906e-004	0.9335	-458.89	-203.19	-0.342	
63	1	4.2665e-002	377.35	327.61	-1.3466	25148	5.7119e-003	0.91051	28.532	-67.855	-0.35092	
64	1	4.3624e-002	460.08	428.21	-1.3673	24375	1.0702e-002	0.88743	148.72	105.04	-0.36021	
65	1	4.4562e-002	478.13	531.77	-1.387	23901	1.594e-002	0.86512	364.96	114.16	-0.36942	
66	1	4.5492e-002	522.22	629.98	-1.4062	22966	2.1682e-002	0.84336	-100.64	-68.174	-0.37861	
67	1	4.6418e-002	954.22	676.57	-1.4247	22122	2.7804e-002	0.82198	-394.51	-275.1	-0.38812	
68	1	4.7329e-002	549.92	648.56	-1.4423	20996	3.3665e-002	0.80151	-570.25	-323.5	-0.39718	
69	1	4.8222e-002	391.81	597.05	-1.4592	20648	3.9437e-002	0.78177	13.857	-204.12	-0.40594	
70	1	4.9076e-002	731.92	544.78	-1.475	20111	4.5132e-002	0.76305	-29.768	-47.942	-0.41415	
71	1	4.9889e-002	535.79	449.09	-1.4897		5.0507e-002	0.74556	-11.385	42.154	-0.42179	
72	1	4.9889e-002				19518						
73	1	5.0683e-002	291.05	332.16	-1.5039	19135	5.5721e-002	0.72869	225.35	51.689	-0.42909	
74	1	5.1453e-002	100.95	304.76	-1.5174	18860	6.0803e-002	0.71248	-91.588	34.708	-0.43606	
75	1	5.2207e-002	379.78	406.91	-1.5306	18597	6.5704e-002	0.69669	-105.39	66.751	-0.4428	
76	1	5.2957e-002	766.77	529.33	-1.5435	18266	7.0546e-002	0.68115	356.84	147.44	-0.44944	
77	1	5.3709e-002	590.39	558.01	-1.5562	17791	7.5409e-002	0.66575	171.54	205.	-0.45609	
78	1	5.445e-002	372.41	518.56	-1.5685	17558	8.0213e-002	0.65068	332.12	221.05	-0.46259	
79	1	5.523e-002	444.62	497.66	-1.5813	17367	8.5474e-002	0.63483	-2.4044	259.64	-0.46948	
80	1	5.6017e-002	488.34	489.8	-1.5939	16335	9.0672e-002	0.61919	173.67	326.34	-0.47635	
81	1	5.6777e-002	841.64	430.2	-1.6057	15757	9.5524e-002	0.6044	972.84	288.18	-0.48292	
82	1	5.7497e-002	-145.	353.52	-1.6166		9.9977e-002	0.59068	-339.67	72.484	-0.48911	
83	1	5.7497e-002				15259						
84	1	5.8176e-002	328.37	345.2	-1.6267	14694	0.10402	0.57792	-234.09	-196.11	-0.49486	
85	1	5.8869e-002	738.2	358.84	-1.6368	14290	0.10807	0.56511	-125.61	-367.13	-0.5007	
86	1	5.9604e-002	419.	337.25	-1.6472	13659	0.11236	0.55183	-872.47	-381.45	-0.50687	
87	1	6.0317e-002	-279.58	396.7	-1.657	13253	0.11628	0.5392	129.73	-266.92	-0.51277	
88	1	6.102e-002	961.4	607.54	-1.6665	12728	0.12004	0.52692	-185.	-115.2	-0.51856	
89	1	6.1724e-002				12113						
90	1	6.1724e-002	894.18	804.82	-1.6758		0.1236	0.51498	-179.49	6.4741	-0.52424	
91	1	6.2426e-002				11502						
92	1	6.2426e-002	860.85	811.68	-1.6847		0.12702	0.50342	314.98	55.438	-0.5298	
93	1	6.315e-002	750.27	651.4	-1.6936	10870	0.13032	0.49188	16.408	-3.3936	-0.53537	
94	1	6.3873e-002	246.72	494.37	-1.7022	10479	0.13346	0.48073	-121.26	-102.63	-0.54074	
95	1	6.4626e-002				10046						
96	1	6.4626e-002	412.07	487.18	-1.7109		0.13668	0.46942	-378.09	-96.527	-0.54614	
97	1	6.5379e-002	752.66	622.11	-1.7194	9636.8	0.13975	0.45839	172.72	60.383	-0.55146	
98	1	6.6142e-002	782.03	786.38	-1.7277	9181.5	0.14276	0.44748	247.53	248.47	-0.55687	
99	1	6.6883e-002	869.5	892.06	-1.7356	8718.	0.14543	0.43721	579.48	320.6	-0.56206	
100	1	6.762e-002	962.13	901.15	-1.743	8257.9	0.14789	0.42735	181.	270.83	-0.56711	
101	1	6.8344e-002	848.21	808.87	-1.7501	7768.9	0.15008	0.41809	-39.81	225.39	-0.57194	
102	1	6.9057e-002	573.16	654.71	-1.7567	7271.5	0.15201	0.40933	471.63	264.82	-0.57651	
103	1	6.9772e-002				6771.4						
104	1	6.9772e-002	639.86	511.23	-1.7631		0.15377	0.40098	279.75	350.51	-0.58082	
105	1	7.0476e-002	254.66	456.36	-1.769	6344.1	0.15534	0.39318	485.65	426.79	-0.58486	
106	1	7.1158e-002	513.28	525.45	-1.7745	5903.	0.15682	0.38594	431.17	479.33	-0.5886	
107	1	7.1828e-002	774.83	662.88	-1.7796	5495.9	0.15814	0.37924	504.01	504.51	-0.59203	
108	1	7.2496e-002	764.83	773.31	-1.7843	5108.	0.15934	0.37296	553.27	490.6	-0.59523	
109	1	7.3158e-002	840.14	814.04	-1.7888	4760.2	0.16043	0.36715	494.28	446.47	-0.59819	
110	1	7.3852e-002	759.07	799.59	-1.7931	4432.8	0.1614	0.36147	221.7	421.43	-0.60104	
111	1	7.4605e-002	800.34	758.94	-1.7975	4112.7	0.16226	0.35577	559.66	445.91	-0.60394	
112	1	7.5351e-002	613.85	711.06	-1.8014	3826.7	0.16302	0.35059	425.93	480.98	-0.6066	
113	1	7.609e-002				3563.						
114	1	7.609e-002	722.13	649.01	-1.805		0.16368	0.34591	546.53	461.67	-0.60905	
115	1	7.6825e-002	619.54	553.21	-1.8082	3325.8	0.16429	0.34171	407.67	362.51	-0.61128	
116	1	7.7549e-002	398.59	443.75	-1.8111	3176.9	0.16486	0.33795	156.73	223.78	-0.61326	
117	1	7.8266e-002	362.1	389.78	-1.8137	3067.5	0.16548	0.33447	85.962	118.25	-0.61496	
118	1	7.8973e-002	209.48	427.22	-1.8161	2971.9	0.16613	0.33128	8.7235	76.216	-0.61641	
119	1	7.9678e-002	845.52	490.49	-1.8183	2832.5	0.16673	0.32838	202.1	58.721	-0.61759	
120	1	8.0386e-002	287.7	483.7	-1.8202	2705.3	0.16732	0.32582	16.556	22.537	-0.61859	
121	1	8.1086e-002				2597.7						
122	1	8.1086e-002	614.19	395.8	-1.8219		0.1679	0.32355	-173.51	-26.276	-0.61937	
123	1	8.1777e-002	52.651	299.02	-1.8234	2484.6	0.16839	0.32165	104.29	-74.061	-0.61996	
124	1	8.2466e-002	318.98	259.88	-1.8247	2398.8	0.16877	0.32003	-206.6	-124.11	-0.62036	
125	1	8.3155e-002	281.35	273.91	-1.8258	2324.8	0.16905	0.31868	-249.64	-171.2	-0.62061	
126	1	8.3845e-002	313.7	290.82	-1.8268	2248.4	0.16923	0.31758	-79.951	-222.81	-0.62072	
127	1	8.4554e-002	313.06	280.53	-1.8277	2162.	0.16929	0.3167	-286.88	-292.19	-0.62069	
128	1	8.5264e-002				2100.8						
129	1	8.5264e-002	211.57	253.09	-1.8284		0.16914	0.31607	-456.03	-345.27	-0.6205	
130	1	8.5973e-002	245.24	236.02	-1.8291	2062.1	0.16878	0.31568	-310.74	-334.53	-0.62015	
131	1	8.6685e-002	221.1	246.1	-1.8296		0.16825	0.3155	-285.64	-266.51	-0.61969	
132	1	8.6685e-002				2001.7						
133	1	8.7397e-002	283.99	278.16	-1.8301	1951.5	0.16759	0.3155	-96.967	-184.03	-0.61913	
134	1	8.811e-002	327.12	312.2	-1.8304	1903.9	0.16682	0.31569	-170.95	-109.88	-0.6185	
135	1	8.8828e-002	337.86	329.73	-1.8306	1864.9	0.16593	0.31609	-67.412	-41.487	-0.61778	
136	1	8.9552e-002	324.36	327.23	-1.8306	1831.1	0.16495	0.3167	88.026	15.073	-0.61699	
137	1	9.0282e-002	311.81	314.03	-1.8305	1801.6	0.16392	0.31751	47.586	50.652	-0.61615	
138	1	9.1021e-002	303.4	302.3	-1.8302	1776.2	0.16284	0.3185	31.085	82.74	-0.61526	
139	1	9.1768e-002	270.53	299.02	-1.8298	1750.5	0.16174	0.31967	83.333	128.3	-0.61431	
140	1	9.2521e-002	327.99	299.62	-1.8293	1722.9	0.16059	0.32101	252.96	161.31	-0.61332	
141	1	9.3279e-002	279.85	291.03	-1.8287	1697.8	0.15942	0.3225	123.43	139.32	-0.61229	
142	1	9.4048e-002	298.84	265.98	-1.8279	1676.1	0.1582	0.32415	111.56	59.029	-0.6112	
143	1	9.4815e-002	210.49	233.34	-1.827	1656.6	0.15693	0.32594	-79.821	-33.162	-0.61008	
144	1	9.5577e-002	195.07	211.3	-1.826	1637.9	0.15563	0.32785	-129.9	-77.576	-0.60893	
145	1	9.6336e-002				1620.						
146	1	9.6336e-002	203.81	207.17	-1.8248		0.1543	0.32988	-86.703	-56.03	-0.60776	
147	1	9.7094e-002	228.57	209.21	-1.8236	1596.9	0.15296	0.33203	66.272	-12.974	-0.60656	
148	1	9.7856e-002	210.01	202.68	-1.8223	1574.4	0.15165	0.33431	52.024	-1.6884	-0.60533	
149	1	9.8625e-002	179.2	186.68	-1.8208	1560.1	0.15033	0.33672	-107.12	-20.794	-0.60407	
150	1	9.9406e-002	167.93	171.13	-1.8191	1554.5	0.14901	0.33929	-30.226	-34.78	-0.60278	
151	1	0.1002	153.58	163.55	-1.8173	1549.8	0.14769	0.34202	-5.5594	-31.087	-0.60143	
152	1	0.10102	164.47	161.46	-1.8154	1553.3	0.1464	0.34493	-47.577	-21.182	-0.60001	
153	1	0.10186	163.09	154.73	-1.8132	1561.7	0.14512	0.34806	1.5979	-16.8	-0.59849	
154	1	0.10271	140.18	135.01	-1.8109	1570.5	0.14389	0.35139	-16.556	-25.723	-0.5969	
155	1	0.10359	129.57	106.19	-1.8083	1582.1	0.14265	0.35493	-25.646	-44.758	-0.5952	
156	1	0.10448	39.049	86.623	-1.8057	1590.3	0.14139	0.35865	-104.48	-54.339	-0.5934	
157	1	0.10537	91.856	91.961	-1.8029	1603.6	0.14011	0.36248	-40.684	-39.038	-0.5915	
158	1	0.10626	125.32	115.29	-1.8	1590.4	0.13881	0.36645	6.511	-9.6395	-0.58952	
159	1	0.10716	132.99	133.41	-1.797	1602.8	0.1375	0.37056	3.9203	6.5844	-0.58748	
160	1	0.10806	165.41	129.07	-1.7939	1616.5	0.13618	0.37478	29.903	-8.9298	-0.58535	
161	1	0.10896	79.849	105.11	-1.7907	1633.6	0.13485	0.37913	-42.913	-48.283	-0.58314	
162	1	0.10986	85.14	80.871	-1.7874	1629.3	0.13347	0.38357	-135.63	-77.817	-0.58082	
163	1	0.11077	28.266	71.51	-1.7841	1640.4	0.13203	0.38811	-92.479	-72.348	-0.5784	
164	1	0.11167	118.08	71.145	-1.7808	1635.3	0.13054	0.39271	-2.4815	-47.705	-0.57588	
165	1	0.11257	65.619	63.926	-1.7774	1612.6	0.12899	0.3974	-14.204	-37.832	-0.57326	
166	1	0.11347	35.258	47.668	-1.774	1598.2	0.12741	0.40218	-68.279	-50.008	-0.57057	
167	1	0.11437	26.399	32.759	-1.7705	1589.4	0.1258	0.40702	-81.085	-64.404	-0.5678	
168	1	0.11527	26.543	24.023	-1.767	1576.7	0.12414	0.41192	-64.732	-65.727	-0.56494	
169	1	0.11617	26.038	17.66	-1.7634	1566.4	0.12243	0.41687	-47.053	-56.084	-0.56201	
170	1	0.11708	6.2913	10.687	-1.7599	1550.	0.12068	0.42186	-49.78	-43.81	-0.55903	
171	1	0.11798	2.0164	4.4506	-1.7563	1533.9	0.11892	0.42687	-22.089	-33.536	-0.556	
172	1	0.11888	0.6078	0.32351	-1.7527		0.11713	0.43189	-38.957	-25.598	-0.55292	
173	1	0.11888				1518.						
174	1	0.11978	-0.7703	-2.9346	-1.7492	1493.6	0.11531	0.43693	-16.635	-19.869	-0.5498	
175	1	0.12068				1476.2						
176	1	0.12068	-6.3844	-6.9698	-1.7456		0.11347	0.44196	-13.097	-18.964	-0.54666	
177	1	0.12159	-12.626	-11.752	-1.742	1453.3	0.11164	0.447	-24.202	-25.255	-0.54347	
178	1	0.1225	-16.92	-16.2	-1.7384	1436.	0.10978	0.45204	-39.806	-36.559	-0.54026	
179	1	0.1234	-19.725	-19.701	-1.7348	1416.5	0.1079	0.45707	-49.574	-48.301	-0.53702	
180	1	0.12431	-21.868	-22.492	-1.7313	1395.4	0.10598	0.46208	-56.703	-57.636	-0.53376	
181	1	0.12522	-24.901	-24.983	-1.7277	1384.2	0.10401	0.46709	-65.494	-63.933	-0.53047	
182	1	0.12612	-27.756	-27.232	-1.7242	1372.1	0.10199	0.47208	-72.225	-68.219	-0.52715	
183	1	0.12703	-28.44	-29.105	-1.7207	1361.	9.9911e-002	0.47706	-62.055	-73.04	-0.5238	
184	1	0.12794	-30.724	-30.441	-1.7173	1350.8	9.7785e-002	0.48203	-82.722	-79.493	-0.5204	
185	1	0.12884	-31.102	-30.988	-1.7138	1339.2	9.5597e-002	0.487	-87.465	-84.536	-0.51696	
186	1	0.12975	-31.525	-30.611	-1.7104	1330.3	9.3347e-002	0.49195	-95.939	-85.35	-0.51349	
187	1	0.13065	-28.062	-29.591	-1.707	1324.1	9.103e-002	0.49689	-66.268	-84.652	-0.50999	
188	1	0.13156	-28.155	-28.216	-1.7036	1319.1	8.8651e-002	0.50182	-88.391	-86.086	-0.50644	
189	1	0.13247	-28.169	-26.29	-1.7003	1314.1	8.62e-002	0.50673	-97.515	-87.463	-0.50286	
190	1	0.13337	-23.084	-23.779	-1.6969	1310.9	8.3676e-002	0.51163	-82.738	-85.152	-0.49925	
191	1	0.13427	-19.552	-21.285	-1.6936	1307.2	8.1093e-002	0.51652	-73.6	-79.995	-0.49561	
192	1	0.13518	-20.95	-19.169	-1.6904	1303.5	7.8447e-002	0.52141	-79.998	-73.918	-0.49192	
193	1	0.13608	-16.752	-17.206	-1.6871	1300.5	7.5741e-002	0.52628	-67.568	-67.161	-0.48819	
194	1	0.13699	-15.428	-15.337	-1.6838	1298.3	7.2984e-002	0.53115	-57.676	-60.847	-0.48444	
195	1	0.13789	-11.846	-13.659	-1.6806	1294.9	7.0172e-002	0.536	-49.49	-56.22	-0.48066	
196	1	0.1388	-10.932	-11.357	-1.6773	1292.3	6.7314e-002	0.54084	-52.071	-49.926	-0.47684	
197	1	0.1397	-4.4724	-5.8289	-1.6741	1289.2	6.4417e-002	0.54567	-28.551	-32.49	-0.473	
198	1	0.14061	-1.4183	6.4538	-1.6709	1286.1	6.1499e-002	0.55049	-16.786	6.7613	-0.46914	
199	1	0.14151	0.8423	23.592	-1.6677	1283.7	5.8573e-002	0.55529	-8.282	60.513	-0.46527	
200	1	0.14241	86.955	33.616	-1.6644	1280.4	5.5649e-002	0.56007	258.43	91.398	-0.46139	
201	1	0.14332	4.1368	27.528	-1.6612	1268.9	5.2792e-002	0.56481	7.7491	74.579	-0.45751	
202	1	0.14422	4.7046	11.696	-1.658	1266.1	4.9949e-002	0.56953	8.1512	37.101	-0.45362	
203	1	0.14513	6.8268	-3.3691	-1.6548	1254.7	4.7122e-002	0.57422	16.466	16.528	-0.44973	
204	1	0.14603	-23.823	-13.719	-1.6516	1246.9	4.432e-002	0.57888	25.457	16.603	-0.44583	
205	1	0.14694	-16.838	-19.026	-1.6484	1239.1	4.154e-002	0.58349	27.771	22.89	-0.44192	
206	1	0.14784	-19.315	-21.045	-1.6452	1229.4	3.8779e-002	0.58807	27.082	26.553	-0.43802	
207	1	0.14875	-22.1	-22.745	-1.642	1219.9	3.6038e-002	0.5926	24.933	27.003	-0.4341	
208	1	0.14965	-25.53	-25.608	-1.6389	1209.9	3.3318e-002	0.5971	26.236	26.571	-0.43019	
209	1	0.15055	-29.308	-29.409	-1.6358	1199.1	3.0616e-002	0.60155	27.212	26.781	-0.42627	
210	1	0.15146	-34.102	-33.356	-1.6327	1187.	2.7941e-002	0.60596	27.469	28.058	-0.42234	
211	1	0.15236	-36.967	-36.854	-1.6296	1174.	2.53e-002	0.61032	30.673	30.452	-0.41841	
212	1	0.15327	-39.445	-39.824	-1.6265	1161.	2.2685e-002	0.61463	33.49	33.811	-0.41447	
213	1	0.15418	-42.514	-42.456	-1.6235	1147.8	2.0098e-002	0.61888	36.409	37.593	-0.41053	
214	1	0.15508	-44.522	-44.796	-1.6205	1133.3	1.7554e-002	0.62307	43.921	40.837	-0.40659	
215	1	0.15599	-47.	-46.66	-1.6176	1119.5	1.5059e-002	0.6272	41.338	42.914	-0.40265	
216	1	0.15689	-48.13	-47.845	-1.6147	1104.3	1.2599e-002	0.63126	43.876	44.08	-0.3987	
217	1	0.1578	-48.64	-48.445	-1.6118	1089.9	1.0173e-002	0.63526	45.358	44.775	-0.39474	
218	1	0.1587	-48.256	-48.926	-1.609	1076.4	7.7837e-003	0.63919	45.647	45.226	-0.39078	
219	1	0.15961	-46.987	-49.44	-1.6062	1063.4	5.4331e-003	0.64306	45.53	45.961	-0.38683	
220	1	0.16051	-46.718	-48.307	-1.6034	1050.8	3.12e-003	0.64687	46.983	47.781	-0.38287	
221	1	0.16142	-45.339	-41.355	-1.6007	1038.7	8.4514e-004	0.65061	46.127	50.485	-0.37891	
222	1	0.16232	-44.005	-26.163	-1.598	1027.1	-1.3928e-003	0.65429	45.806	50.3	-0.37496	
223	1	0.16323	15.519	-8.2943	-1.5954	1018.8	-3.5953e-003	0.65792	77.005	41.853	-0.37101	
224	1	0.16414	1.1722	3.1079	-1.5927	1017.1	-5.7686e-003	0.66151	-1.7849	28.115	-0.36706	
225	1	0.16504	1.1775	5.9154	-1.5901	1015.5	-7.9411e-003	0.66509	-1.7545	18.293	-0.36312	
226	1	0.16595	6.5516	4.2611	-1.5875	1013.9	-1.0115e-002	0.66866	68.134	12.9	-0.35917	
227	1	0.16685	0.98515	1.7703	-1.5848	1011.3	-1.2265e-002	0.67221	-1.6621	12.683	-0.35522	
228	1	0.16776	-1.9861	0.448	-1.5822	1008.6	-1.4374e-002	0.67574	2.6286	35.139	-0.35128	
229	1	0.16867	-0.15745	0.88864	-1.5795	1006.6	-1.647e-002	0.67925	-6.8142e-002	84.984	-0.34734	
230	1	0.16957	5.1165	1.6286	-1.5769	1003.8	-1.8558e-002	0.68274	294.69	120.64	-0.34341	
231	1	0.17048	1.4691	0.91251	-1.5742	1001.1	-2.0571e-002	0.6862	67.605	101.49	-0.33949	
232	1	0.17138	-2.3984	-1.0765	-1.5716	997.46	-2.252e-002	0.68964	2.316	49.251	-0.33558	
233	1	0.17229	-2.4721	-2.7267	-1.569	995.44	-2.4451e-002	0.69307	2.6922	12.458	-0.33167	
234	1	0.1732	-1.079	-2.4094	-1.5663	993.09	-2.6378e-002	0.69649	34.758	7.1953	-0.32775	
235	1	0.1741	-2.79	1.258	-1.5637	991.	-2.829e-002	0.69989	4.2328	25.217	-0.32384	
236	1	0.17501	-2.5457	7.3169	-1.561	988.7	-3.0189e-002	0.70328	12.227	52.559	-0.31994	
237	1	0.17592	34.88	10.504	-1.5584	986.87	-3.207e-002	0.70665	171.44	65.021	-0.31605	
238	1	0.17682	-2.7053	7.2729	-1.5557	985.48	-3.3898e-002	0.71	4.146	48.916	-0.31217	
239	1	0.17772	-2.5356	1.5653	-1.5531	983.63	-3.5719e-002	0.71333	3.5613	23.347	-0.3083	
240	1	0.17863	-2.7918	-1.4066	-1.5505	981.85	-3.7537e-002	0.71665	4.0274	11.28	-0.30443	
241	1	0.17953	2.6223	-1.7003	-1.5478	980.15	-3.9353e-002	0.71997	35.535	10.754	-0.30056	
242	1	0.18044	-2.6716	-1.7133	-1.5452	979.04	-4.1148e-002	0.72326	3.7459	10.273	-0.2967	
243	1	0.18134	-2.4952	-2.2821	-1.5426	977.39	-4.2932e-002	0.72655	3.1397	7.222	-0.29285	
244	1	0.18225	-2.428	-2.9865	-1.5399	975.77	-4.4716e-002	0.72983	8.6745	4.1937	-0.28899	
245	1	0.18315	-3.8897	-3.298	-1.5373	973.94	-4.6499e-002	0.7331	1.2358	2.5998	-0.28512	
246	1	0.18406	-2.5015	-2.7601	-1.5347	969.25	-4.828e-002	0.73635	1.4739	3.4219	-0.28126	
247	1	0.18497	-2.4168	-1.1419	-1.532	967.11	-5.0059e-002	0.7396	1.5106	6.7075	-0.27739	
248	1	0.18588	-4.0395	0.5232	-1.5294	962.52	-5.1835e-002	0.74282	22.344	9.8352	-0.27353	
249	1	0.18678	-2.6963	-2.1158	-1.5268	960.3	-5.3604e-002	0.74603	14.666	11.787	-0.26967	
250	1	0.18769	-2.0193	-16.026	-1.5242	956.3	-5.5364e-002	0.74923	16.009	19.264	-0.26581	
251	1	0.1886	-1.3946	-39.156	-1.5215	951.92	-5.7113e-002	0.75241	-0.18158	40.092	-0.26196	
252	1	0.1895	-145.15	-52.218	-1.5189	946.46	-5.8854e-002	0.75557	133.27	70.182	-0.25811	
253	1	0.19041	-2.9199	-42.329	-1.5164	932.93	-6.0549e-002	0.75867	36.166	97.679	-0.25424	
254	1	0.19131	2.2523	-23.285	-1.5138	928.33	-6.2195e-002	0.76174	155.36	112.17	-0.25039	
255	1	0.19222	-34.935	-11.3	-1.5113	912.56	-6.3725e-002	0.76478	136.57	108.79	-0.24658	
256	1	0.19313	-2.4498	-6.3666	-1.5088	909.65	-6.517e-002	0.76776	19.784	96.74	-0.2428	
257	1	0.19403	0.25969	-5.7473	-1.5063	899.23	-6.6572e-002	0.7707	134.7	87.428	-0.23904	
258	1	0.19494	-9.7079	-9.4711	-1.5038	892.63	-6.789e-002	0.7736	85.19	78.096	-0.23531	
259	1	0.19584	-19.953	-14.771	-1.5014	886.37	-6.9162e-002	0.77647	38.443	66.481	-0.23162	
260	1	0.19674	-18.872	-18.223	-1.4989	881.54	-7.0398e-002	0.77932	78.472	58.311	-0.22795	
261	1	0.19765	-18.589	-19.887	-1.4965	874.8	-7.1582e-002	0.78214	46.979	56.572	-0.22429	
262	1	0.19856	-20.788	-22.156	-1.4941	867.38	-7.2718e-002	0.78493	67.088	62.031	-0.22065	
263	1	0.19946	-25.615	-26.598	-1.4917	859.9	-7.38e-002	0.78769	69.726	76.533	-0.21702	
264	1	0.20037	-32.694	-32.66	-1.4893	852.55	-7.4824e-002	0.79042	77.369	97.443	-0.21341	
265	1	0.20127	-40.576	-38.461	-1.4869	844.15	-7.5776e-002	0.7931	149.25	112.7	-0.20983	
266	1	0.20218	-42.268	-42.515	-1.4846	835.8	-7.6642e-002	0.79574	101.17	109.62	-0.20627	
267	1	0.20308	-43.811	-44.619	-1.4823	827.55	-7.7445e-002	0.79832	95.311	88.889	-0.20274	
268	1	0.20399	-45.997	-45.16	-1.4801	819.66	-7.8192e-002	0.80086	51.017	62.574	-0.19921	
269	1	0.2049	-44.947	-44.529	-1.4779	812.31	-7.8891e-002	0.80335	41.02	42.	-0.1957	
270	1	0.2058	-42.719	-43.438	-1.4757	805.45	-7.955e-002	0.80579	30.542	31.261	-0.1922	
271	1	0.20671	-41.049	-42.67	-1.4736	798.95	-8.0176e-002	0.80819	27.844	28.212	-0.18871	
272	1	0.20761	-39.988	-41.729	-1.4715	792.78	-8.0776e-002	0.81054	29.906	28.215	-0.18523	
273	1	0.20852	-39.754	-37.914	-1.4694	786.67	-8.135e-002	0.81286	28.815	26.96	-0.18176	
274	1	0.20942	-40.496	-28.714	-1.4674	780.68	-8.1901e-002	0.81513	26.995	22.647	-0.1783	
275	1	0.21033	-5.1652	-16.494	-1.4653	777.48	-8.2431e-002	0.81737	11.228	17.172	-0.17484	
276	1	0.21124	-5.2228	-7.3018	-1.4633	776.33	-8.2948e-002	0.81959	12.887	13.771	-0.17139	
277	1	0.21214	-5.3815	-3.8937	-1.4613	775.09	-8.3434e-002	0.82179	15.442	13.398	-0.16795	
278	1	0.21305	-5.3843	-4.0876	-1.4594	773.99	-8.3901e-002	0.82399	14.89	14.899	-0.16451	
279	1	0.21395	-5.472	-5.0501	-1.4574	772.83	-8.4355e-002	0.82617	16.344	17.343	-0.16108	
280	1	0.21486	-5.5844	-5.6405	-1.4554	771.71	-8.4794e-002	0.82834	19.674	20.149	-0.15765	
281	1	0.21577	-5.7143	-5.8459	-1.4534	770.55	-8.5216e-002	0.83049	23.117	22.117	-0.15424	
282	1	0.21667	-5.8226	-5.9122	-1.4514	769.37	-8.562e-002	0.83264	23.915	21.934	-0.15083	
283	1	0.21758	-5.9838	-5.9664	-1.4495	767.95	-8.5984e-002	0.83476	17.587	19.451	-0.14743	
284	1	0.21848	-6.1163	-6.0146	-1.4475	766.73	-8.6292e-002	0.83688	21.265	16.184	-0.14406	
285	1	0.21939	-6.2236	-6.0835	-1.4456	765.58	-8.6583e-002	0.83898	23.297	16.78	-0.14069	
286	1	0.22029	-5.9117	-6.2971	-1.4436	764.47	-8.6855e-002	0.84107	2.7573	29.043	-0.13734	
287	1	0.2212	-6.055	-6.6665	-1.4417	763.41	-8.7116e-002	0.84314	19.743	50.765	-0.13398	
288	1	0.2221	-8.4229	-6.8776	-1.4397	762.4	-8.7364e-002	0.84521	156.62	60.096	-0.13063	
289	1	0.22301	-6.0549	-6.6785	-1.4378	761.41	-8.7573e-002	0.84726	-4.8006e-002	42.662	-0.1273	
290	1	0.22391	-6.0548	-6.29	-1.4359	760.42	-8.778e-002	0.8493	-4.2166e-002	15.034	-0.12397	
291	1	0.22482	-6.0548	-6.0472	-1.4339	759.47	-8.7987e-002	0.85134	-3.6324e-002	-1.1622	-0.12064	
292	1	0.22572	-6.0548	-5.9956	-1.432	758.53	-8.8194e-002	0.85336	-3.0489e-002	-4.1939	-0.11731	
293	1	0.22663	-6.0546	-6.0218	-1.4301	757.63	-8.8401e-002	0.85536	-2.4668e-002	-2.1946	-0.11398	
294	1	0.22753	-6.0544	-6.0491	-1.4282	756.72	-8.8608e-002	0.85736	-1.885e-002	-0.31809	-0.11066	
295	1	0.22843	-6.0543	-6.0588	-1.4263	755.83	-8.8815e-002	0.85934	-1.3019e-002	0.31679	-0.10733	
296	1	0.22934	-6.0544	-6.0582	-1.4244	754.92	-8.9022e-002	0.86132	-7.1767e-003	0.25504	-0.104	
297	1	0.23025	-6.0544	-6.0556	-1.4225	754.03	-8.923e-002	0.86329	-1.3289e-003	7.5132e-002	-0.10066	
298	1	0.23115	-6.0545	-6.0543	-1.4206	753.08	-8.9437e-002	0.86525	4.5187e-003	-1.1799e-002	-9.7322e-002	
299	1	0.23206	-6.0546	-6.0541	-1.4187	752.13	-8.9645e-002	0.8672	1.0359e-002	-1.6955e-002	-9.3989e-002	
300	1	0.23296	-6.0544	-6.0542	-1.4169	751.18	-8.9852e-002	0.86913	1.6185e-002	4.0271e-003	-9.0662e-002	
301	1	0.23387	-6.0542	-6.0544	-1.415	750.24	-9.0058e-002	0.87105	2.2005e-002	2.1261e-002	-8.7336e-002	
302	1	0.23477	-6.0543	-6.0545	-1.4131	749.31	-9.0266e-002	0.87296	2.7841e-002	3.023e-002	-8.4005e-002	
303	1	0.23568	-6.0545	-6.0545	-1.4112	748.38	-9.0473e-002	0.87486	3.3683e-002	3.5248e-002	-8.0671e-002	
304	1	0.23658				740.8						
305	1	0.23658	-6.0545	-6.0541	-1.4094		-9.068e-002	0.87675	3.9519e-002	3.9885e-002	-7.7338e-002	
306	1	0.23749	-6.0544	-6.0534	-1.4075	739.05	-9.0887e-002	0.87863	4.5354e-002	4.5223e-002	-7.4005e-002	
307	1	0.23839	-6.0546	-6.0534	-1.4057	736.12	-9.1094e-002	0.88051	5.1195e-002	5.1047e-002	-7.067e-002	
308	1	0.2393	-6.0547	-6.0563	-1.4038	734.78	-9.1301e-002	0.88236	5.7035e-002	5.6942e-002	-6.7336e-002	
309	1	0.24021				731.71						
310	1	0.24021	-6.0547	-6.064	-1.402		-9.1508e-002	0.88421	6.287e-002	6.2698e-002	-6.4004e-002	
311	1	0.24111	-6.0835	-6.0743	-1.4002	730.41	-9.171e-002	0.88605	6.8163e-002	6.8333e-002	-6.0676e-002	
312	1	0.24202	-6.0837	-6.082	-1.3983	729.11	-9.1907e-002	0.88787	7.3926e-002	7.3974e-002	-5.735e-002	
313	1	0.24292	-6.0837	-6.0849	-1.3965	727.	-9.2103e-002	0.88968	7.9686e-002	7.9688e-002	-5.4025e-002	
314	1	0.24382	-6.0838	-6.0849	-1.3947	724.91	-9.2299e-002	0.89149	8.5448e-002	8.5444e-002	-5.07e-002	
315	1	0.24473	-6.084	-6.0843	-1.3929	723.04	-9.2495e-002	0.89328	9.1211e-002	9.1167e-002	-4.7373e-002	
316	1	0.24563	-6.0841	-6.0841	-1.3911	721.	-9.2691e-002	0.89506	9.6975e-002	9.6824e-002	-4.4046e-002	
317	1	0.24654	-6.0843	-6.0841	-1.3893	718.97	-9.2887e-002	0.89683	0.10274	0.10252	-4.072e-002	
318	1	0.24744	-6.0844	-6.0843	-1.3875	717.45	-9.3082e-002	0.89859	0.1085	0.1086	-3.7394e-002	
319	1	0.24835	-6.0845	-6.0846	-1.3857	715.83	-9.3278e-002	0.90034	0.11426	0.11545	-3.4068e-002	
320	1	0.24925	-6.0847	-6.0848	-1.3839	714.19	-9.3474e-002	0.90208	0.12002	0.12258	-3.0741e-002	
321	1	0.25										
322	N/A	0.25002	-6.0849	-6.0849	-1.3824	712.69	-9.364e-002	0.90355	0.12492	0.12701	-2.7912e-002	
