	Steps	Time [s]	[A] Acceleration Y on Body-1 - 1 Node - Tip [m/s²]	[B] Acceleration Y on Body-1 - 1 Node - Tip [Filtered] [m/s²]	[C] Position Y on Body-1 - 1 Node-Tip [m]	[D] Kinetic Energy on Body-1-Flare-1 - 2 Bodies [J]	[E] Position Z on Body-1 - 1 Node-Tip [m]	[F] Position Y on Body-1 - 1 Node-Tail [m]	[G] Acceleration Z on Body-1 - 1 Node - Tip [m/s²]	[H] Acceleration Z on Body-1 - 1 Node - Tip [Filtered] [m/s²]	[I] Position Z on Body-1 - 1 Node-Tail [m]	
1	1	0.	0.	35.234	1.048e-002	80125	-4.3477e-004	2.2981	0.	111.16	-2.4816e-003	
2	1	1.5025e-003	537.78	281.22	-5.3053e-002	78974	-1.5204e-002	2.2346	403.32	73.246	-1.7644e-002	
3	1	3.0624e-003	559.03	504.63	-0.11848	77893	-3.0001e-002	2.1692	-193.08	185.	-3.3479e-002	
4	1	4.4784e-003				76603						
5	1	4.4784e-003	439.46	684.86	-0.17753		-4.3424e-002	2.1101	-219.84	485.06	-4.767e-002	
6	1	5.8072e-003	817.29	819.62	-0.23258	75517	-5.572e-002	2.055	2025.9	862.97	-6.1083e-002	
7	1	7.0302e-003	1183.9	868.62	-0.28272	73573	-6.5817e-002	2.0048	505.76	1132.2	-7.3874e-002	
8	1	8.0859e-003	747.4	805.91	-0.32541	71456	-7.4215e-002	1.9621	1607.	1198.6	-8.4715e-002	
9	1	9.1106e-003	436.49	669.78	-0.36622	69571	-8.1566e-002	1.9212	791.03	1053.6	-9.5344e-002	
10	1	1.0069e-002	782.02	511.91	-0.40396	67880	-8.7874e-002	1.8834	1542.8	735.91	-0.10538	
11	1	1.0959e-002	251.94	364.76	-0.43848	66276	-9.2816e-002	1.8487	-503.19	381.89	-0.11482	
12	1	1.1856e-002	295.25	271.82	-0.47309	65677	-9.7316e-002	1.814	213.14	166.45	-0.12439	
13	1	1.2734e-002	91.216	280.68	-0.5066	64102	-0.10131	1.7804	321.25	155.2	-0.13384	
14	1	1.3521e-002	455.12	398.21	-0.53632	62717	-0.10453	1.7505	-109.48	293.43	-0.14236	
15	1	1.4253e-002	580.37	580.35	-0.56359	60949	-0.10726	1.7231	1071.1	486.42	-0.1503	
16	1	1.5025e-002	687.05	757.61	-0.59191	59735	-0.10969	1.6945	259.31	652.55	-0.15867	
17	1	1.5774e-002	963.3	853.15	-0.61911	58231	-0.11174	1.6671	879.39	744.45	-0.16676	
18	1	1.6527e-002	1074.6	808.77	-0.64591	56059	-0.11344	1.6401	957.54	733.43	-0.17468	
19	1	1.7245e-002	782.11	652.57	-0.67101	54394	-0.11466	1.6147	711.71	634.42	-0.18226	
20	1	1.8091e-002	-9.0287	519.85	-0.70025	54047	-0.11569	1.5851	404.41	553.01	-0.19122	
21	1	1.8939e-002	401.78	529.87	-0.72942	52995	-0.11646	1.5555	-177.49	601.48	-0.2002	
22	1	1.9758e-002	878.28	654.89	-0.75717	51530	-0.11702	1.5273	1453.7	740.56	-0.20884	
23	1	2.0606e-002	756.37	764.58	-0.78534	49799	-0.11701	1.4986	799.47	802.45	-0.21792	
24	1	2.1405e-002	932.09	753.05	-0.81136	48253	-0.1165	1.4721	1008.8	691.79	-0.22646	
25	1	2.2146e-002	872.98	607.57	-0.83507	46753	-0.11575	1.4479	-185.56	460.15	-0.23445	
26	1	2.2877e-002	156.6	428.21	-0.85816	46387	-0.11487	1.4243	904.21	198.94	-0.2423	
27	1	2.3598e-002	-152.15	353.88	-0.8807	45344	-0.11374	1.4012	-750.69	-28.447	-0.25009	
28	1	2.4314e-002	804.49	412.58	-0.90287	44497	-0.11273	1.3784	232.35	-186.32	-0.25778	
29	1	2.5039e-002	619.9	512.52	-0.92498	43529	-0.11175	1.3557	-316.12	-268.13	-0.2655	
30	1	2.5794e-002	531.03	585.56	-0.94769	42534	-0.1109	1.3323	-301.29	-262.04	-0.27342	
31	1	2.6559e-002	497.14	637.51	-0.9704	41593	-0.11019	1.3089	-251.17	-134.7	-0.2813	
32	1	2.7306e-002	617.63	667.73	-0.99224	40351	-0.10973	1.2864	-99.044	109.69	-0.28886	
33	1	2.8062e-002	1068.1	635.99	-1.0139	39015	-0.10941	1.2641	781.01	392.83	-0.29644	
34	1	2.8837e-002	334.93	535.63	-1.0357	37770	-0.10885	1.2416	478.72	617.57	-0.3043	
35	1	2.961e-002	367.45	435.72	-1.057	36561	-0.10759	1.2194	962.96	743.88	-0.31235	
36	1	3.0347e-002	410.14	416.09	-1.0771	36289	-0.10565	1.1984	820.64	808.54	-0.32022	
37	1	3.1083e-002	269.18	499.73	-1.0968	35633	-0.10377	1.1777	525.96	893.78	-0.32786	
38	1	3.1836e-002	721.19	635.78	-1.1168	34802	-0.10164	1.1567	997.27	1043.	-0.3357	
39	1	3.2599e-002	951.33	723.64	-1.1367	33727	-9.9156e-002	1.1357	889.41	1167.9	-0.3438	
40	1	3.3358e-002	737.01	692.33	-1.156	32642	-9.623e-002	1.1151	2395.1	1095.1	-0.35201	
41	1	3.4101e-002	569.57	562.14	-1.1745	32207	-9.272e-002	1.0952	230.61	784.46	-0.36025	
42	1	3.4816e-002	311.79	418.53	-1.1921	31551	-8.9156e-002	1.0762	132.73	422.74	-0.36817	
43	1	3.5511e-002	77.462	334.2	-1.209	31014	-8.5696e-002	1.0578	24.632	210.51	-0.37584	
44	1	3.6212e-002	665.71	313.73	-1.2258	30373	-8.2099e-002	1.0395	153.94	161.44	-0.38374	
45	1	3.692e-002	331.86	331.4	-1.2426	29919	-7.8253e-002	1.0211	481.85	150.42	-0.39191	
46	1	3.7639e-002	4.1423	393.91	-1.2593	29063	-7.4056e-002	1.0025	213.67	73.621	-0.40031	
47	1	3.836e-002	753.23	499.65	-1.2758	28427	-6.9615e-002	0.98413	-61.575	-45.618	-0.40887	
48	1	3.9069e-002	816.7	605.31	-1.2916	27504	-6.5275e-002	0.96636	-413.55	-86.932	-0.41726	
49	1	3.9767e-002	255.96	688.27	-1.3069	26954	-6.1023e-002	0.94907	-477.13	15.015	-0.42551	
50	1	4.047e-002	1210.2	759.58	-1.3221	26638	-5.6712e-002	0.93172	1213.9	171.36	-0.43382	
51	1	4.1184e-002	696.33	839.36	-1.3372	25401	-5.2387e-002	0.91444	-44.546	270.2	-0.44212	
52	1	4.1895e-002	728.14	968.19	-1.3519	24980	-4.8119e-002	0.89755	-1.5598	329.71	-0.45025	
53	1	4.2588e-002	759.78	1141.2	-1.366	24158	-4.3855e-002	0.8813	-141.64	365.68	-0.45803	
54	1	4.3256e-002	2273.	1240.6	-1.3793	23169	-3.9671e-002	0.86586	2019.2	258.24	-0.46539	
55	1	4.3901e-002	693.67	1163.4	-1.3917	22290	-3.5401e-002	0.85129	-803.91	-25.679	-0.47259	
56	1	4.4532e-002				21858						
57	1	4.4532e-002	996.11	949.34	-1.4036		-3.1346e-002	0.83721	-724.52	-264.92	-0.47963	
58	1	4.5157e-002	684.07	698.37	-1.4152	21000	-2.7385e-002	0.82343	-645.75	-258.03	-0.48668	
59	1	4.5788e-002	558.94	480.69	-1.4266	20513	-2.3441e-002	0.80975	675.77	-73.107	-0.49374	
60	1	4.6404e-002	137.53	351.68	-1.4374	20096	-1.9269e-002	0.79651	-77.376	104.84	-0.50076	
61	1	4.7006e-002	284.3	341.75	-1.4479	19981	-1.5096e-002	0.78357	-57.68	174.35	-0.50764	
62	1	4.7593e-002	615.57	425.02	-1.458	19471	-1.104e-002	0.77109	511.8	89.328	-0.51423	
63	1	4.8164e-002	301.87	542.59	-1.4676	19003	-6.9627e-003	0.75908	510.29	-143.03	-0.52058	
64	1	4.8728e-002	789.85	629.88	-1.4769	18532	-2.7729e-003	0.74732	-1689.5	-366.51	-0.52697	
65	1	4.9298e-002	923.64	632.81	-1.4862	18155	1.2381e-003	0.73558	-69.136	-401.96	-0.53334	
66	1	4.9876e-002	343.72	559.58	-1.4954	17773	5.2694e-003	0.72379	-89.508	-256.99	-0.53978	
67	1	5.0454e-002	341.86	481.06	-1.5045	17526	9.2466e-003	0.71212	-233.33	-57.098	-0.54618	
68	1	5.1033e-002	542.38	444.44	-1.5135	17161	1.3206e-002	0.70054	350.69	102.72	-0.55254	
69	1	5.1611e-002	540.93	446.39	-1.5223		1.7144e-002	0.68908	265.2	183.43	-0.55888	
70	1	5.1611e-002				16870						
71	1	5.2184e-002	258.53	481.88	-1.5309	16605	2.099e-002	0.67782	46.505	207.25	-0.56512	
72	1	5.2756e-002	648.23	547.38	-1.5394	16269	2.4747e-002	0.66667	225.89	232.47	-0.57126	
73	1	5.333e-002	661.98	616.6	-1.5478	15883	2.848e-002	0.65562	244.88	291.98	-0.57732	
74	1	5.3912e-002	651.22	661.94	-1.5561	15504	3.2212e-002	0.64459	413.12	377.33	-0.58338	
75	1	5.4498e-002	641.13	676.39	-1.5643	15189	3.5919e-002	0.63361	432.22	460.57	-0.58945	
76	1	5.5063e-002	753.81	662.16	-1.5722	14846	3.9434e-002	0.62313	596.35	513.2	-0.59527	
77	1	5.5609e-002	667.98	632.09	-1.5796	14540	4.2764e-002	0.61316	556.37	522.76	-0.60082	
78	1	5.6142e-002	421.34	617.94	-1.5867	14263	4.5975e-002	0.60353	443.04	503.94	-0.60618	
79	1	5.6676e-002	698.69	641.48	-1.5937	13945	4.9159e-002	0.59399	533.	488.28	-0.61147	
80	1	5.7222e-002	736.68	687.86	-1.6007	13619	5.2357e-002	0.58437	355.15	501.04	-0.6168	
81	1	5.7764e-002	755.77	731.93	-1.6076	13286	5.5462e-002	0.57496	647.09	544.26	-0.622	
82	1	5.8306e-002	717.35	768.78	-1.6143	12896	5.8509e-002	0.56572	569.09	599.36	-0.62711	
83	1	5.8846e-002	771.49	802.23	-1.6208	12550	6.1473e-002	0.55668	623.72	644.26	-0.6321	
84	1	5.9385e-002				12156						
85	1	5.9385e-002	908.89	824.96	-1.6272		6.4405e-002	0.54782	774.62	663.1	-0.63701	
86	1	5.9907e-002	795.48	826.26	-1.6332	11799	6.7205e-002	0.5394	615.61	654.59	-0.64167	
87	1	6.0417e-002	831.77	808.04	-1.6389	11484	6.9879e-002	0.53132	579.28	636.3	-0.64618	
88	1	6.0914e-002				11250						
89	1	6.0914e-002	831.5	786.5	-1.6444		7.2431e-002	0.52357	730.93	629.39	-0.65054	
90	1	6.1403e-002	785.59	792.97	-1.6497	10943	7.4898e-002	0.51604	654.86	656.	-0.65481	
91	1	6.1882e-002	763.36	869.68	-1.6547	10653	7.7255e-002	0.5088	631.16	750.29	-0.65896	
92	1	6.2352e-002	701.31	1026.4	-1.6596	10414	7.9511e-002	0.5018	545.46	918.57	-0.66301	
93	1	6.2818e-002	1357.5	1177.3	-1.6643	9948.1	8.1663e-002	0.49499	1240.	1061.1	-0.667	
94	1	6.3285e-002	1582.2	1168.	-1.6688	9446.4	8.3704e-002	0.48839	1592.6	1001.	-0.67091	
95	1	6.375e-002	1223.1	933.16	-1.6732	8985.6	8.5638e-002	0.48203	892.98	673.46	-0.67474	
96	1	6.4211e-002	-3.8577	596.2	-1.6774	8738.5	8.7484e-002	0.47588	-413.75	239.78	-0.67845	
97	1	6.4668e-002	259.2	340.69	-1.6815	8524.3	8.9289e-002	0.46989	-217.92	-77.957	-0.682	
98	1	6.5121e-002	290.32	224.64	-1.6855	8325.5	9.1068e-002	0.46402	-8.7277	-211.79	-0.68542	
99	1	6.5571e-002	347.89	186.69	-1.6894	8104.3	9.2822e-002	0.4583	-157.11	-223.08	-0.68871	
100	1	6.6014e-002	207.66	173.56	-1.6932	7893.8	9.453e-002	0.45276	-406.95	-171.37	-0.69184	
101	1	6.645e-002	141.22	199.26	-1.6969	7623.6	9.6174e-002	0.44741	76.286	-99.609	-0.69483	
102	1	6.6881e-002	148.61	306.66	-1.7004	7361.9	9.7761e-002	0.44225	149.26	-53.017	-0.6977	
103	1	6.7308e-002	392.11	495.44	-1.7038	7169.	9.9282e-002	0.43724	-313.13	-37.679	-0.70045	
104	1	6.7736e-002	707.28	681.12	-1.7072	6994.7	0.10074	0.43235	-307.49	-42.412	-0.70308	
105	1	6.8162e-002	1349.	746.15	-1.7105	6740.5	0.10211	0.42766	625.85	-110.46	-0.70558	
106	1	6.8581e-002	372.75	666.47	-1.7135		0.10344	0.42319	-532.18	-274.23	-0.708	
107	1	6.8581e-002				6536.9						
108	1	6.8995e-002	371.71	542.74	-1.7165		0.10469	0.41884	-576.	-459.99	-0.71032	
109	1	6.8995e-002				6348.8						
110	1	6.9406e-002	460.2	474.38	-1.7195	6179.7	0.10587	0.41461	-528.47	-555.8	-0.71254	
111	1	6.9818e-002	502.01	471.65	-1.7224	6017.4	0.10695	0.41052	-520.06	-499.29	-0.71466	
112	1	7.0225e-002	503.79	493.67	-1.7252	5850.8	0.108	0.40655	-518.92	-276.58	-0.71666	
113	1	7.0628e-002	524.31	500.6	-1.7279	5686.6	0.109	0.40273	-472.14	37.803	-0.71853	
114	1	7.1029e-002	544.71	471.05	-1.7305	5458.6	0.10998	0.39908	1702.	254.	-0.72029	
115	1	7.1432e-002	525.8	417.46	-1.733	5303.4	0.11109	0.39551	-426.55	241.12	-0.72205	
116	1	7.1838e-002	25.75	386.27	-1.7354	5163.1	0.11214	0.39207	172.63	78.484	-0.72369	
117	1	7.2242e-002	511.46	403.85	-1.7377	5022.1	0.11316	0.38877	-381.39	-80.423	-0.7252	
118	1	7.264e-002	478.92	431.86	-1.7399	4892.9	0.11411	0.38565	-270.19	-188.75	-0.72657	
119	1	7.3033e-002	413.35	405.	-1.742	4773.2	0.11502	0.3827	-212.52	-326.36	-0.72781	
120	1	7.3423e-002	499.04	290.59	-1.7441	4648.3	0.11592	0.37989	25.312	-601.46	-0.72894	
121	1	7.381e-002	41.347	116.55	-1.746	4537.9	0.11682	0.37721	-1327.5	-999.54	-0.73	
122	1	7.4196e-002				4429.8						
123	1	7.4196e-002	-232.99	-43.065	-1.7478		0.1177	0.37465	-1688.7	-1368.8	-0.73097	
124	1	7.4583e-002	-111.23	-133.24	-1.7496	4327.7	0.11854	0.3722	-1590.6	-1591.6	-0.73186	
125	1	7.497e-002	-85.368	-157.76	-1.7514		0.11932	0.36986	-1520.2	-1684.2	-0.73268	
126	1	7.497e-002				4228.						
127	1	7.5357e-002	-201.75	-146.14	-1.753	4133.8	0.12005	0.36763	-1719.9	-1715.	-0.73341	
128	1	7.5746e-002	-63.304	-118.83	-1.7547	4037.8	0.12073	0.36551	-1549.1	-1708.1	-0.73406	
129	1	7.6135e-002	122.75	-74.452	-1.7562	3946.2	0.12139	0.3635	-1488.9	-1611.6	-0.73464	
130	1	7.6526e-002	-137.04	32.407	-1.7577	3858.6	0.12201	0.36159	-1504.5	-1297.4	-0.73517	
131	1	7.6918e-002	-231.19	257.23	-1.7591	3782.5	0.12261	0.35977	-1834.4	-672.09	-0.73564	
132	1	7.7311e-002	964.61	560.96	-1.7605	3714.9	0.12314	0.35806	1134.9	125.86	-0.73603	
133	1	7.7706e-002	967.46	814.37	-1.7618	3643.	0.12363	0.35644	1107.8	776.06	-0.73638	
134	1	7.8103e-002	922.39	937.37	-1.7631	3579.3	0.12408	0.35492	1041.5	1093.9	-0.73667	
135	1	7.8502e-002	917.26	956.68	-1.7643		0.12448	0.35349	1055.5	1145.4	-0.73688	
136	1	7.8502e-002				3513.2						
137	1	7.8901e-002	882.6	938.13	-1.7654		0.12484	0.35216	989.82	1082.5	-0.73702	
138	1	7.8901e-002				3457.2						
139	1	7.9299e-002				3403.9						
140	1	7.9299e-002	897.32	925.91	-1.7665		0.12516	0.35094	983.44	1012.6	-0.73711	
141	1	7.9698e-002	905.43	928.92	-1.7676	3355.3	0.12544	0.34981	992.85	983.86	-0.73713	
142	1	8.0095e-002	956.86	928.64	-1.7686		0.12566	0.34878	865.43	1003.9	-0.7371	
143	1	8.0095e-002				3272.2						
144	1	8.0493e-002	1076.9	905.14	-1.7695		0.12582	0.34786	1103.8	1044.8	-0.73701	
145	1	8.0493e-002				3149.						
146	1	8.089e-002	635.65	866.1	-1.7704	3099.6	0.12594	0.34704	1301.2	1059.5	-0.73686	
147	1	8.1289e-002	926.02	835.08	-1.7712	2979.	0.12601	0.3463	910.36	1036.5	-0.73667	
148	1	8.1687e-002	909.21	823.69	-1.772	2892.5	0.12602	0.34566	882.69	1014.4	-0.73642	
149	1	8.2086e-002	646.06	840.41	-1.7727	2824.	0.12597	0.34511	1168.9	1025.7	-0.73613	
150	1	8.2484e-002				2765.9						
151	1	8.2484e-002	855.98	884.96	-1.7733		0.12588	0.34464	805.28	1062.1	-0.73579	
152	1	8.2886e-002	1162.8	923.6	-1.774	2712.1	0.12574	0.34426	1463.5	1090.8	-0.73541	
153	1	8.3293e-002				2657.6						
154	1	8.3293e-002	842.21	923.12	-1.7745		0.12557	0.34395	918.65	1091.1	-0.73498	
155	1	8.3704e-002	812.14	890.05	-1.7751	2601.4	0.12536	0.34372	911.45	1069.8	-0.73451	
156	1	8.4115e-002	948.29	843.83	-1.7756	2543.	0.1251	0.34357	1332.1	1026.7	-0.73399	
157	1	8.4526e-002	757.94	794.53	-1.776	2492.2	0.12482	0.34349	855.78	953.64	-0.73345	
158	1	8.4937e-002	710.66	754.63	-1.7764	2448.6	0.12449	0.34348	777.75	872.17	-0.73287	
159	1	8.535e-002	766.46	735.28	-1.7768	2409.2	0.12411	0.34356	888.59	813.4	-0.73223	
160	1	8.5766e-002	710.03	736.28	-1.7771		0.12368	0.34372	749.42	787.04	-0.73155	
161	1	8.5766e-002				2373.3						
162	1	8.6184e-002	776.27	751.58	-1.7774	2334.5	0.12323	0.34395	806.29	793.87	-0.73081	
163	1	8.6604e-002				2300.8						
164	1	8.6604e-002	750.11	775.02	-1.7776		0.12274	0.34428	765.23	832.65	-0.73003	
165	1	8.7026e-002	796.72	798.89	-1.7777	2265.7	0.12222	0.34469	933.55	889.73	-0.7292	
166	1	8.7449e-002	862.79	813.5	-1.7779	2237.6	0.12168	0.34518	972.66	941.22	-0.72833	
167	1	8.7876e-002	774.08	813.03	-1.7779	2212.6	0.12111	0.34577	934.85	968.62	-0.7274	
168	1	8.8307e-002	809.75	798.12	-1.7779		0.12051	0.34645	1012.6	964.92	-0.72641	
169	1	8.8307e-002				2190.						
170	1	8.8743e-002	776.4	770.19	-1.7778	2163.	0.11988	0.34721	932.41	931.77	-0.72537	
171	1	8.9183e-002	717.04	729.34	-1.7777	2143.2	0.11921	0.34805	819.17	877.78	-0.72427	
172	1	8.9627e-002				2125.7						
173	1	8.9627e-002	662.67	674.77	-1.7775		0.1185	0.34899	795.72	806.9	-0.72311	
174	1	9.0074e-002				2110.7						
175	1	9.0074e-002	614.75	601.68	-1.7773		0.11774	0.35001	727.73	705.31	-0.72189	
176	1	9.0527e-002	564.97	505.07	-1.7771	2097.9	0.11694	0.35113	653.56	553.12	-0.72059	
177	1	9.0983e-002	411.45	394.99	-1.7767		0.11608	0.35235	468.	360.12	-0.71922	
178	1	9.0983e-002				2085.2						
179	1	9.1443e-002	192.3	301.03	-1.7764	2072.	0.11517	0.35365	-64.939	183.54	-0.71777	
180	1	9.1907e-002				2060.2						
181	1	9.1907e-002	269.03	249.32	-1.776		0.11421	0.35503	103.58	85.802	-0.71627	
182	1	9.2373e-002	212.83	239.88	-1.7755	2049.4	0.11321	0.3565	14.763	77.215	-0.7147	
183	1	9.2844e-002	293.16	252.59	-1.775	2039.2	0.11216	0.35807	231.51	117.82	-0.71308	
184	1	9.3321e-002	280.33	266.41	-1.7744	2030.8	0.11107	0.35972	184.67	163.49	-0.71139	
185	1	9.3802e-002	282.76	272.47	-1.7738	2025.3	0.10995	0.36147	173.33	198.09	-0.70963	
186	1	9.4288e-002	252.23	274.88	-1.7731	2021.3	0.10879	0.36331	181.03	226.06	-0.70781	
187	1	9.4778e-002	251.99	279.94	-1.7724	2017.2	0.10761	0.36523	213.28	243.08	-0.70593	
188	1	9.5272e-002	275.82	282.97	-1.7716	2016.4	0.10641	0.36724	220.95	219.27	-0.704	
189	1	9.5769e-002	371.62	269.72	-1.7707	2015.9	0.10521	0.36931	424.92	120.77	-0.70203	
190	1	9.6269e-002	161.29	234.53	-1.7698		0.10402	0.37147	-254.46	-39.762	-0.70002	
191	1	9.6269e-002				2016.9						
192	1	9.6775e-002	216.21	187.71	-1.7688	2017.1	0.10282	0.37371	-196.14	-197.83	-0.69794	
193	1	9.7286e-002	121.06	142.5	-1.7678	2016.6	0.10159	0.37604	-379.11	-296.89	-0.69582	
194	1	9.7801e-002	141.35	108.13	-1.7666	2017.	0.10034	0.37845	-301.58	-326.97	-0.69363	
195	1	9.8321e-002	14.113	92.046	-1.7655	2011.5	9.9052e-002	0.38094	-327.07	-311.83	-0.6914	
196	1	9.8847e-002	131.47	94.415	-1.7642	2013.8	9.7721e-002	0.38352	-211.42	-284.18	-0.68908	
197	1	9.9379e-002	118.65	104.75	-1.7629	2017.7	9.6369e-002	0.38619	-280.34	-265.54	-0.68669	
198	1	9.9918e-002	116.83	112.75	-1.7616	2020.6	9.4992e-002	0.38895	-253.16	-258.36	-0.68424	
199	1	0.10046	112.2	117.18	-1.7602	2023.3	9.3594e-002	0.3918	-250.85	-253.57	-0.68172	
200	1	0.10101	119.86	122.03	-1.7587	2024.9	9.2175e-002	0.39473	-241.99	-239.17	-0.67915	
201	1	0.10157	124.92	130.5	-1.7571	2028.3	9.0736e-002	0.39774	-204.16	-202.66	-0.67652	
202	1	0.10213	141.92	142.95	-1.7555	2035.	8.9274e-002	0.40085	-191.73	-135.02	-0.67383	
203	1	0.1027	151.72	156.62	-1.7538	2052.2	8.7807e-002	0.40405	-62.636	-41.776	-0.67107	
204	1	0.10328	188.45	167.2	-1.752	2077.4	8.6356e-002	0.40733	135.12	52.338	-0.66828	
205	1	0.10386	157.2	172.06	-1.7501	2098.5	8.4892e-002	0.41071	108.74	120.71	-0.66543	
206	1	0.10445	182.44	171.75	-1.7482	2119.4	8.3402e-002	0.41418	178.36	154.95	-0.66251	
207	1	0.10505	161.75	168.33	-1.7462	2122.1	8.1893e-002	0.41773	137.96	163.5	-0.65953	
208	1	0.10565	158.44	163.54	-1.7441	2134.2	8.036e-002	0.42138	151.96	158.46	-0.65647	
209	1	0.10626	160.91	157.57	-1.742	2144.4	7.8804e-002	0.42513	155.89	147.07	-0.65332	
210	1	0.10688	159.17	149.33	-1.7397	2160.7	7.7229e-002	0.42898	137.51	132.31	-0.6501	
211	1	0.10751				2181.1						
212	1	0.10751	131.51	139.1	-1.7374		7.5636e-002	0.43293	107.9	117.85	-0.6468	
213	1	0.10815	124.62	128.95	-1.735	2193.	7.4024e-002	0.43697	97.107	107.86	-0.64342	
214	1	0.10879	120.71	119.89	-1.7326	2204.7	7.2391e-002	0.44111	97.738	102.26	-0.63995	
215	1	0.10945	112.51	110.65	-1.7301	2215.2	7.0732e-002	0.44534	101.3	94.899	-0.63639	
216	1	0.11011	103.18	99.468	-1.7275	2231.7	6.9041e-002	0.44967	93.667	77.503	-0.63272	
217	1	0.11078	89.318	86.149	-1.7248	2245.	6.7312e-002	0.45412	65.195	46.885	-0.62894	
218	1	0.11147	68.137	72.61	-1.722	2244.8	6.5542e-002	0.45869	-13.2	9.131	-0.62504	
219	1	0.11217	56.389	61.469	-1.7192	2247.6	6.373e-002	0.46337	-40.176	-25.455	-0.62102	
220	1	0.11287	62.282	54.107	-1.7163	2257.6	6.1877e-002	0.46815	-17.644	-50.446	-0.61689	
221	1	0.11359	16.33	49.401	-1.7133	2264.9	5.9986e-002	0.47305	-162.77	-66.259	-0.61264	
222	1	0.11433	104.51	43.642	-1.7102	2270.5	5.8014e-002	0.47809	84.743	-79.154	-0.60822	
223	1	0.11508	-4.1334	34.963	-1.707	2275.1	5.6021e-002	0.48325	-226.74	-92.186	-0.60367	
224	1	0.11584	36.142	26.668	-1.7038	2272.4	5.395e-002	0.48851	-36.069	-99.86	-0.599	
225	1	0.11661	10.218	22.159	-1.7004	2271.3	5.1852e-002	0.49385	-138.73	-98.512	-0.59421	
226	1	0.11739	25.958	20.398	-1.6971	2268.2	4.9657e-002	0.49929	-70.766	-91.692	-0.58929	
227	1	0.11818	26.518	18.036	-1.6937	2261.5	4.7379e-002	0.50484	-91.965	-85.346	-0.58423	
228	1	0.11898	12.059	13.248	-1.6901	2250.2	4.5005e-002	0.5105	-62.624	-84.132	-0.57902	
229	1	0.1198	-0.48911	6.9042	-1.6866	2238.9	4.2555e-002	0.51626	-76.861	-87.208	-0.57365	
230	1	0.12063	6.6982	0.37103	-1.683	2221.8	4.0032e-002	0.52208	-137.52	-87.434	-0.56816	
231	1	0.12147	-16.583	-6.3841	-1.6793	2209.2	3.7364e-002	0.52801	-75.342	-80.61	-0.56249	
232	1	0.12233	-3.7188	-14.639	-1.6756	2177.7	3.4586e-002	0.53403	-37.022	-72.478	-0.55667	
233	1	0.1232	-23.32	-25.527	-1.6719	2146.	3.1751e-002	0.54009	-61.22	-69.246	-0.55074	
234	1	0.12407	-30.643	-37.613	-1.6681	2108.9	2.8842e-002	0.54617	-61.433	-65.079	-0.5447	
235	1	0.12495	-67.58	-46.52	-1.6644	2063.6	2.5875e-002	0.55227	-113.8	-46.33	-0.53856	
236	1	0.12585	-47.064	-49.011	-1.6606	2009.2	2.2843e-002	0.55836	-8.0958	-9.1904	-0.53234	
237	1	0.12675	-42.313	-46.474	-1.6568	1953.9	1.9786e-002	0.56444	80.023	32.042	-0.52606	
238	1	0.12765	-41.047	-42.884	-1.6531	1906.1	1.6725e-002	0.57047	70.092	59.914	-0.51973	
239	1	0.12857	-36.427	-40.923	-1.6493	1868.5	1.3677e-002	0.57645	63.521	71.124	-0.51338	
240	1	0.12949	-44.246	-40.849	-1.6456	1834.1	1.0646e-002	0.58239	70.406	74.43	-0.50698	
241	1	0.13041	-42.255	-41.588	-1.6419	1801.1	7.6392e-003	0.58829	67.105	79.392	-0.50055	
242	1	0.13136	-37.23	-41.983	-1.6381	1770.	4.6479e-003	0.59417	94.976	90.675	-0.49407	
243	1	0.13231	-46.815	-40.876	-1.6344	1740.	1.6803e-003	0.60003	68.684	106.47	-0.48756	
244	1	0.13328	-52.006	-37.956	-1.6307	1707.6	-1.277e-003	0.60582	175.83	118.32	-0.48104	
245	1	0.13424	-35.696	-36.876	-1.627	1683.6	-4.1604e-003	0.61152	32.705	113.78	-0.47452	
246	1	0.13521	22.38	-43.107	-1.6233	1661.4	-7.0616e-003	0.61714	367.32	88.77	-0.46797	
247	1	0.13617	-96.428	-53.141	-1.6197	1636.4	-9.9072e-003	0.62262	-161.19	71.449	-0.4615	
248	1	0.13711	-110.26	-54.954	-1.6163	1607.5	-1.2734e-002	0.62793	-157.43	101.76	-0.45513	
249	1	0.13805	-0.57006	-45.984	-1.6129	1576.4	-1.5502e-002	0.63305	486.28	160.72	-0.44887	
250	1	0.13897	-39.232	-37.894	-1.6097	1548.4	-1.8087e-002	0.63799	207.09	181.09	-0.44274	
251	1	0.13988	-24.81	-41.3	-1.6065	1527.8	-2.0544e-002	0.64277	107.38	137.25	-0.43673	
252	1	0.1408	-60.72	-56.91	-1.6033	1507.6	-2.2915e-002	0.6475	31.831	61.229	-0.43073	
253	1	0.14173	-55.594	-77.443	-1.6001	1484.1	-2.5274e-002	0.65224	60.648	-4.1219	-0.42465	
254	1	0.14269	-154.71	-91.97	-1.5969	1462.7	-2.7593e-002	0.65697	-192.59	-25.694	-0.41849	
255	1	0.14366	-71.054	-94.775	-1.5937	1426.6	-3.0007e-002	0.66167	-23.848	4.6523	-0.41221	
256	1	0.14465	-77.958	-90.326	-1.5906	1403.2	-3.2394e-002	0.66633	254.56	57.275	-0.40588	
257	1	0.14564	-72.566	-84.487	-1.5875	1375.	-3.4712e-002	0.67087	122.59	104.37	-0.39957	
258	1	0.14663	-135.42	-77.827	-1.5845	1347.	-3.6996e-002	0.67527	-125.13	156.25	-0.39331	
259	1	0.14762	-31.303	-73.311	-1.5816	1321.7	-3.9332e-002	0.67953	296.29	213.72	-0.38705	
260	1	0.14861	-61.986	-79.398	-1.5788	1290.9	-4.1557e-002	0.68364	425.05	228.65	-0.38091	
261	1	0.14958	-90.695	-98.452	-1.5761	1261.1	-4.3702e-002	0.68758	221.77	165.55	-0.37488	
262	1	0.15055				1229.6						
263	1	0.15055	-159.03	-121.41	-1.5735		-4.575e-002	0.6913	-93.551	60.156	-0.369	
264	1	0.1515	-126.16	-138.12	-1.5712	1205.7	-4.7781e-002	0.69483	-36.456	-20.227	-0.36325	
265	1	0.15244	-147.01	-145.63	-1.5689	1181.1	-4.9703e-002	0.69816	-86.818	-41.842	-0.35766	
266	1	0.15337	-150.24	-145.42	-1.5668	1153.	-5.15e-002	0.70129	7.461	-15.54	-0.35223	
267	1	0.15428	-142.51	-140.09	-1.5648	1131.	-5.3219e-002	0.70423	60.496	27.859	-0.34692	
268	1	0.15518	-119.37	-133.22	-1.5629	1107.5	-5.4848e-002	0.70699	105.16	63.782	-0.34171	
269	1	0.15608	-129.01	-127.36	-1.5612	1086.3	-5.6383e-002	0.70959	91.17	90.125	-0.33662	
270	1	0.15697	-123.71	-121.8	-1.5596	1066.	-5.7833e-002	0.71204	91.132	125.2	-0.33165	
271	1	0.15786	-149.04	-115.69	-1.5581	1049.4	-5.9264e-002	0.71434	-119.34	174.9	-0.32677	
272	1	0.15874	-56.079	-112.61	-1.5567	1032.7	-6.0732e-002	0.71651	723.74	200.53	-0.32194	
273	1	0.15961	-148.77	-117.	-1.5554	1012.1	-6.1979e-002	0.71852	-95.518	159.93	-0.31733	
274	1	0.16047	-108.22	-127.98	-1.5542	999.48	-6.3261e-002	0.72038	200.16	67.933	-0.31281	
275	1	0.16132	-144.92	-140.46	-1.5531	983.41	-6.445e-002	0.7221	-112.86	-21.995	-0.30845	
276	1	0.16217	-150.68	-147.87	-1.5521	969.25	-6.5603e-002	0.72368	-49.844	-59.615	-0.30421	
277	1	0.163	-171.39	-144.59	-1.5512	956.87	-6.6703e-002	0.72512	-174.22	-16.138	-0.30011	
278	1	0.16383	-149.33	-132.62	-1.5505	949.81	-6.7829e-002	0.72643	-148.12	80.503	-0.29611	
279	1	0.16466	-50.633	-123.31	-1.5498	940.05	-6.9014e-002	0.72764	836.46	135.74	-0.29214	
280	1	0.16549	-147.48	-124.86	-1.5492	928.94	-6.9991e-002	0.72874	-115.12	88.224	-0.28837	
281	1	0.16633	-141.26	-132.14	-1.5487	924.47	-7.1044e-002	0.72973	-153.64	-4.3421	-0.28461	
282	1	0.16716	-150.79	-135.27	-1.5482	912.98	-7.2069e-002	0.73062	-174.47	-49.567	-0.28093	
283	1	0.168	-128.89	-131.63	-1.5479	906.07	-7.3096e-002	0.7314	34.489	-34.064	-0.27732	
284	1	0.16884	-116.98	-125.86	-1.5477	899.17	-7.409e-002	0.73206	59.144	-10.633	-0.27382	
285	1	0.16968	-109.3	-122.9	-1.5475	895.17	-7.5059e-002	0.73262	101.8	-22.951	-0.27043	
286	1	0.17051	-139.14	-122.94	-1.5474	891.76	-7.6023e-002	0.73307	-213.39	-64.316	-0.26713	
287	1	0.17134	-123.77	-123.17	-1.5474	889.02	-7.7045e-002	0.73342	-89.622	-100.02	-0.2639	
288	1	0.17216	-101.82	-121.67	-1.5475	887.33	-7.8123e-002	0.73369	-24.421	-106.45	-0.26073	
289	1	0.17297				882.49						
290	1	0.17297	-140.55	-116.53	-1.5477		-7.9132e-002	0.73387	-192.73	-71.111	-0.25771	
291	1	0.17378	-136.38	-107.15	-1.5479	883.1	-8.011e-002	0.73395	-164.48	3.6902	-0.25479	
292	1	0.17458				879.79						
293	1	0.17458	-37.94	-99.594	-1.5482		-8.1178e-002	0.73395	369.95	73.514	-0.25191	
294	1	0.17539	-111.54	-100.78	-1.5486	878.83	-8.2223e-002	0.73387	123.97	83.641	-0.24912	
295	1	0.1762	-121.2	-108.14	-1.5491	876.5	-8.328e-002	0.73369	-56.77	37.079	-0.24639	
296	1	0.17701	-117.91	-113.81	-1.5496	872.92	-8.4355e-002	0.73343	-59.537	-16.973	-0.24374	
297	1	0.17781	-115.24	-114.17	-1.5502	868.8	-8.5441e-002	0.73309	-56.731	-45.085	-0.24118	
298	1	0.17861	-107.65	-110.5	-1.5509	865.93	-8.6536e-002	0.73267	-27.38	-47.671	-0.2387	
299	1	0.17941	-103.08	-105.3	-1.5517	862.61	-8.7634e-002	0.73219	-29.853	-38.549	-0.23632	
300	1	0.18019	-101.8	-100.17	-1.5525	859.61	-8.8739e-002	0.73163	-30.475	-27.972	-0.23402	
301	1	0.18098	-93.085	-95.654	-1.5533	856.9	-8.9852e-002	0.731	-14.587	-19.779	-0.23179	
302	1	0.18175	-93.123	-91.703	-1.5542	853.81	-9.0969e-002	0.73032	-13.917	-14.442	-0.22965	
303	1	0.18253	-88.554	-87.991	-1.5552	850.04	-9.2091e-002	0.72957	-14.688	-10.89	-0.22758	
304	1	0.1833	-82.962	-84.241	-1.5562		-9.3217e-002	0.72877	-9.1558	-7.7825	-0.22558	
305	1	0.1833				845.6						
306	1	0.18407	-81.8	-80.333	-1.5573	840.77	-9.434e-002	0.72791	0.6214	-4.6453	-0.22365	
307	1	0.18484	-75.418	-76.205	-1.5584	836.84	-9.5455e-002	0.727	-2.9838	-1.2014	-0.22179	
308	1	0.1856	-70.863	-71.804	-1.5595	832.74	-9.6564e-002	0.72604	-5.5302	3.181	-0.22	
309	1	0.18636	-69.076	-66.976	-1.5607	829.41	-9.767e-002	0.72503	9.7362	7.8199	-0.21828	
310	1	0.18713	-61.758	-61.636	-1.5619	826.25	-9.8765e-002	0.72397	24.679	10.274	-0.21664	
311	1	0.18789	-55.024	-56.105	-1.5632	823.14	-9.9844e-002	0.72287	10.115	9.8976	-0.21506	
312	1	0.18864	-49.775	-50.859	-1.5645	820.62	-0.10091	0.72173	-7.4454	9.8298	-0.21355	
313	1	0.1894	-46.944	-45.974	-1.5658	817.89	-0.10196	0.72055	22.154	13.246	-0.21211	
314	1	0.19016	-42.801	-41.237	-1.5671	815.89	-0.103	0.71933	19.259	20.365	-0.21073	
315	1	0.19092	-36.854	-36.803	-1.5685	813.72	-0.10402	0.71808	26.33	30.11	-0.20942	
316	1	0.19168	-29.942	-33.324	-1.5699	811.04	-0.10501	0.71679	39.96	41.151	-0.20819	
317	1	0.19244	-31.704	-31.15	-1.5714	808.45	-0.10598	0.71547	56.289	51.179	-0.20703	
318	1	0.19319	-32.136	-29.865	-1.5728	806.62	-0.10691	0.71412	62.939	57.995	-0.20595	
319	1	0.19395	-27.185	-28.896	-1.5743	805.5	-0.10782	0.71274	59.719	61.596	-0.20493	
320	1	0.19471	-28.834	-28.026	-1.5758	805.06	-0.10868	0.71132	58.936	63.979	-0.204	
321	1	0.19547	-27.829	-27.213	-1.5773	804.75	-0.10951	0.70988	66.729	66.773	-0.20315	
322	1	0.19624	-25.828	-26.527	-1.5789	804.49	-0.11029	0.7084	70.07	69.816	-0.20237	
323	1	0.197	-23.697	-26.041	-1.5804	804.22	-0.11104	0.7069	75.504	71.969	-0.20167	
324	1	0.19777	-28.651	-25.44	-1.582	803.54	-0.11177	0.70537	72.153	72.639	-0.20104	
325	1	0.19853	-27.45	-24.39	-1.5836	804.33	-0.11246	0.70381	69.919	72.22	-0.20049	
326	1	0.1993	-17.605	-23.413	-1.5852	805.05	-0.11311	0.70223	72.389	71.289	-0.20002	
327	1	0.20007	-22.611	-23.304	-1.5868	806.03	-0.11372	0.70063	69.207	69.955	-0.19964	
328	1	0.20084	-25.761	-23.751	-1.5884	807.27	-0.11429	0.69901	69.381	68.063	-0.19934	
329	1	0.20161	-25.999	-23.675	-1.5901	808.96	-0.11482	0.69735	67.307	65.708	-0.19912	
330	1	0.20238	-22.957	-22.713	-1.5918	810.91	-0.11531	0.69568	61.024	63.525	-0.19899	
331	1	0.20316	-18.338	-21.545	-1.5935	812.84	-0.11576	0.69398	61.077	62.31	-0.19894	
332	1	0.20393	-22.137	-20.917	-1.5952	814.89	-0.11618	0.69225	63.035	62.232	-0.19896	
333	1	0.20471	-19.346	-20.883	-1.5969	816.94	-0.11657	0.6905	64.46	62.856	-0.19907	
334	1	0.20548	-22.036	-20.933	-1.5986	819.32	-0.11691	0.68874	62.575	63.886	-0.19926	
335	1	0.20626	-22.832	-20.509	-1.6004	822.16	-0.11722	0.68695	64.913	65.348	-0.19953	
336	1	0.20704	-17.795	-19.562	-1.6021	824.76	-0.11749	0.68513	66.151	67.087	-0.19987	
337	1	0.20782	-16.642	-18.477	-1.6039	826.99	-0.11772	0.68329	70.177	68.493	-0.20031	
338	1	0.2086	-19.836	-17.357	-1.6057	829.57	-0.1179	0.68143	70.44	68.932	-0.20082	
339	1	0.20939	-17.272	-16.056	-1.6075	832.33	-0.11805	0.67955	67.521	68.378	-0.20141	
340	1	0.21017	-13.355	-14.922	-1.6094	834.71	-0.11815	0.67765	67.793	67.452	-0.20208	
341	1	0.21096	-12.147	-14.665	-1.6112	836.87	-0.11821	0.67573	67.041	66.992	-0.20283	
342	1	0.21175	-16.468	-15.389	-1.6131	839.93	-0.11822	0.67378	68.945	67.911	-0.20365	
343	1	0.21254	-15.11	-16.263	-1.6149	842.95	-0.1182	0.67182	68.92	71.264	-0.20456	
344	1	0.21334	-18.171	-16.039	-1.6168	845.88	-0.11813	0.66983	74.031	77.758	-0.20554	
345	1	0.21414	-18.32	-13.896	-1.6187	849.06	-0.11801	0.66781	84.968	86.647	-0.20662	
346	1	0.21494	-12.793	-10.614	-1.6207	851.87	-0.11784	0.66577	92.879	95.015	-0.20777	
347	1	0.21574	5.8061	-8.5258	-1.6226	853.7	-0.11761	0.66371	121.95	99.223	-0.209	
348	1	0.21655	-13.637	-8.8854	-1.6246	857.01	-0.11731	0.66164	86.833	98.696	-0.2103	
349	1	0.21735	-15.553	-10.281	-1.6265	860.05	-0.11695	0.65955	87.676	96.684	-0.21168	
350	1	0.21815	-5.7122	-10.72	-1.6285	862.95	-0.11653	0.65744	95.209	95.411	-0.21313	
351	1	0.21896	-14.647	-9.3944	-1.6305		-0.11605	0.65532	95.464	92.879	-0.21465	
352	1	0.21896				861.51						
353	1	0.21977	-10.755	-6.6418	-1.6324	863.73	-0.11551	0.65318	98.751	85.679	-0.21625	
354	1	0.22058	7.4848	-3.9936	-1.6345	865.73	-0.11491	0.65101	61.138	72.936	-0.21792	
355	1	0.2214	-2.6367	-2.6908	-1.6365	865.7	-0.11428	0.64882	88.354	57.726	-0.21966	
356	1	0.22222	-11.149	-1.8825	-1.6385	865.9	-0.11359	0.64662	-12.06	45.801	-0.22145	
357	1	0.22303	4.7712	-0.16917	-1.6405	864.72	-0.11288	0.64442	61.966	39.65	-0.22329	
358	1	0.22385	0.81695	2.4353	-1.6425	864.14	-0.11214	0.64222	62.178	35.163	-0.22519	
359	1	0.22467	5.4051	5.1699	-1.6445	863.	-0.11136	0.64003	2.6593	29.043	-0.22712	
360	1	0.22548	10.337	7.5231	-1.6465	861.65	-0.11057	0.63783	31.19	23.256	-0.2291	
361	1	0.2263	6.8469	9.4511	-1.6485	857.97	-0.10976	0.63565	16.536	19.797	-0.2311	
362	1	0.22711	11.143	11.224	-1.6505	856.77	-0.10894	0.63348	15.849	18.122	-0.23314	
363	1	0.22791	14.194	12.934	-1.6525	854.08	-0.10812	0.63132	21.15	16.658	-0.2352	
364	1	0.22872	14.101	14.489	-1.6544	851.16	-0.10728	0.62917	14.14	13.804	-0.23728	
365	1	0.22952	16.99	16.015	-1.6563	849.52	-0.10644	0.62703	8.1197	8.7985	-0.23939	
366	1	0.23032	15.673	17.878	-1.6583	842.37	-0.10559	0.6249	2.1284	1.7262	-0.24153	
367	1	0.23113	19.878	20.243	-1.6602	838.91	-0.10475	0.62277	-4.5223	-7.0081	-0.2437	
368	1	0.23193	25.401	22.807	-1.6621	834.6	-0.1039	0.62065	-15.58	-16.406	-0.24588	
369	1	0.23273	23.775	25.203	-1.664	829.75	-0.10305	0.61856	-30.521	-24.736	-0.24807	
370	1	0.23353	25.855	27.326	-1.6658	825.44	-0.10222	0.61649	-32.587	-30.795	-0.25025	
371	1	0.23432	31.987	28.99	-1.6677	818.31	-0.1014	0.61444	-28.771	-35.015	-0.25243	
372	1	0.23511	29.809	30.001	-1.6695	812.13	-0.10059	0.61242	-41.048	-38.42	-0.2546	
373	1	0.2359	29.473	30.642	-1.6713	804.99	-9.9791e-002	0.61042	-41.235	-41.261	-0.25676	
374	1	0.23668	30.883	31.428	-1.673	798.1	-9.9013e-002	0.60845	-43.348	-43.377	-0.2589	
375	1	0.23746	32.642	32.496	-1.6748	790.59	-9.8257e-002	0.60651	-44.766	-44.822	-0.26102	
376	1	0.23824	34.147	33.598	-1.6765	783.51	-9.7525e-002	0.60459	-45.698	-45.761	-0.26312	
377	1	0.23902	34.896	34.495	-1.6782	776.	-9.682e-002	0.60271	-47.4	-46.379	-0.26519	
378	1	0.23979	34.269	35.168	-1.6798	769.03	-9.6144e-002	0.60086	-48.487	-47.122	-0.26722	
379	1	0.24056	36.648	35.711	-1.6814	760.59	-9.55e-002	0.59904	-46.983	-48.947	-0.26923	
380	1	0.24133	35.929	36.232	-1.683	753.81	-9.4886e-002	0.59725	-47.167	-52.747	-0.2712	
381	1	0.24209	37.409	36.93	-1.6846	742.84	-9.4303e-002	0.59551	-60.502	-58.03	-0.27313	
382	1	0.24285	34.456	37.972	-1.6862	732.88	-9.375e-002	0.59379	-65.178	-62.787	-0.27503	
383	1	0.2436	39.357	38.92	-1.6877	725.05	-9.3228e-002	0.59211	-63.86	-64.954	-0.27688	
384	1	0.24435	41.373	38.519	-1.6892	717.35	-9.2739e-002	0.59045	-64.07	-63.294	-0.2787	
385	1	0.24509	41.937	35.873	-1.6906	708.79	-9.2287e-002	0.58884	-72.098	-57.823	-0.28048	
386	1	0.24583	26.761	31.971	-1.6921	695.03	-9.1871e-002	0.58725	-36.451	-51.037	-0.2822	
387	1	0.24657	23.141	28.988	-1.6935	685.25	-9.1488e-002	0.5857	-40.681	-46.71	-0.28389	
388	1	0.2473	31.056	27.767	-1.6948	679.36	-9.1136e-002	0.58419	-59.926	-46.406	-0.28553	
389	1	0.24803	29.849	27.277	-1.6962	668.55	-9.0811e-002	0.5827	-34.01	-49.41	-0.28713	
390	1	0.24876	25.581	26.514	-1.6975	663.08	-9.0513e-002	0.58124	-65.038	-54.53	-0.28869	
391	1	0.24948	26.099	25.547	-1.6989	655.49	-9.0242e-002	0.5798	-62.497	-60.554	-0.29022	
392	1	0.25										
393	N/A	0.25002	26.474	25.079	-1.6998	651.15	-9.0055e-002	0.57874	-37.039	-65.932	-0.29134	
