	Steps	Time [s]	[A] Acceleration Y on Body-1 - 1 Node - Tip [m/s²]	[B] Acceleration Y on Body-1 - 1 Node - Tip [Filtered] [m/s²]	[C] Position Y on Body-1 - 1 Node-Tip [m]	[D] Kinetic Energy on Body-1-Flare-1 - 2 Bodies [J]	[E] Position Z on Body-1 - 1 Node-Tip [m]	[F] Position Y on Body-1 - 1 Node-Tail [m]	[G] Acceleration Z on Body-1 - 1 Node - Tip [m/s²]	[H] Acceleration Z on Body-1 - 1 Node - Tip [Filtered] [m/s²]	[I] Position Z on Body-1 - 1 Node-Tail [m]	
1	1	0.	0.	123.36	1.048e-002	76185	-4.3477e-004	2.2981	0.	168.98	-2.4816e-003	
2	1	1.5025e-003	532.07	295.82	-5.306e-002	75110	-4.1028e-003	2.2346	288.89	153.47	-6.287e-003	
3	1	3.0257e-003	556.61	436.74	-0.11683	73770	-7.6048e-003	2.1708	-151.22	151.92	-1.019e-002	
4	1	4.3538e-003	407.41	526.02	-0.17209	72089	-1.1047e-002	2.1155	750.55	161.52	-1.3304e-002	
5	1	5.5262e-003	968.2	558.27	-0.22026	70327	-1.4314e-002	2.0673	-439.31	182.33	-1.5976e-002	
6	1	6.5632e-003	487.15	543.96	-0.26229	68438	-1.7053e-002	2.0253	384.74	215.8	-1.8407e-002	
7	1	7.487e-003	353.	510.71	-0.29925	66847	-1.9133e-002	1.9883	261.48	253.48	-2.071e-002	
8	1	8.355e-003	193.81	488.71	-0.33367		-2.0962e-002	1.9538	286.29	278.46	-2.2922e-002	
9	1	8.355e-003				65992						
10	1	9.1807e-003	620.45	490.02	-0.36614		-2.2588e-002	1.9213	319.33	275.64	-2.505e-002	
11	1	9.1807e-003				64404						
12	1	9.9467e-003	511.7	507.45	-0.3959	63072	-2.3862e-002	1.8915	409.36	235.84	-2.7073e-002	
13	1	1.0645e-002	824.21	531.36	-0.42273	61638	-2.4831e-002	1.8646	334.69	161.56	-2.8941e-002	
14	1	1.1303e-002	256.52	563.25	-0.44774	60506	-2.569e-002	1.8395	24.172	73.942	-3.0692e-002	
15	1	1.1924e-002	571.44	611.	-0.47122	59623	-2.651e-002	1.816	57.192	10.316	-3.2304e-002	
16	1	1.2504e-002	551.13	673.06	-0.49292	58656	-2.7342e-002	1.7942	-352.73	11.927	-3.3718e-002	
17	1	1.3072e-002	818.51	732.15	-0.51397	57361	-2.8321e-002	1.7731	-501.87	101.97	-3.496e-002	
18	1	1.3629e-002	966.11	764.54	-0.53443	56344	-2.9373e-002	1.7526	724.38	263.68	-3.606e-002	
19	1	1.4183e-002	902.26	755.91	-0.55454	55242	-3.0469e-002	1.7324	127.66	445.23	-3.7064e-002	
20	1	1.4742e-002	674.42	711.71	-0.57462	54087	-3.1662e-002	1.7122	1343.9	589.5	-3.7979e-002	
21	1	1.5308e-002	578.78	652.84	-0.59471	52617	-3.2819e-002	1.6921	782.77	664.02	-3.8883e-002	
22	1	1.5887e-002	308.42	599.96	-0.61501	51508	-3.405e-002	1.6717	146.	672.92	-3.9736e-002	
23	1	1.6472e-002	716.78	559.19	-0.63532	50569	-3.5242e-002	1.6513	441.72	631.44	-4.0638e-002	
24	1	1.704e-002	749.01	524.39	-0.65485	49587	-3.6368e-002	1.6316	1451.9	537.09	-4.1578e-002	
25	1	1.7592e-002	610.18	496.61	-0.67364	48511	-3.7306e-002	1.6128	258.63	391.38	-4.2679e-002	
26	1	1.8133e-002	86.485	494.17	-0.69185	47635	-3.8218e-002	1.5945	-150.37	228.67	-4.3829e-002	
27	1	1.8666e-002	465.9	535.76	-0.70963	46711	-3.9101e-002	1.5766	13.852	94.104	-4.5003e-002	
28	1	1.9189e-002	345.63	616.95	-0.72692	45875	-3.9941e-002	1.5592	10.728	10.717	-4.6193e-002	
29	1	1.9708e-002	1091.1	706.97	-0.74393	45136	-4.0801e-002	1.5421	-210.35	-21.591	-4.7374e-002	
30	1	2.0219e-002	1035.4	769.93	-0.76053	44234	-4.1717e-002	1.5255	510.28	-12.23	-4.8561e-002	
31	1	2.0726e-002	673.92	790.82	-0.77683	43464	-4.263e-002	1.5091	-375.99	34.053	-4.9775e-002	
32	1	2.123e-002	794.82	778.7	-0.79289	42651	-4.3578e-002	1.4929	390.87	122.57	-5.0992e-002	
33	1	2.1739e-002	763.3	750.77	-0.80893	41801	-4.4533e-002	1.4768	-351.91	257.7	-5.2229e-002	
34	1	2.2248e-002	299.88	719.54	-0.82481		-4.5541e-002	1.4609	232.74	422.47	-5.3462e-002	
35	1	2.2248e-002				40952						
36	1	2.2755e-002	983.25	683.95	-0.84049	40206	-4.65e-002	1.4451	924.92	566.05	-5.4639e-002	
37	1	2.3265e-002	746.03	631.56	-0.8561	39207	-4.7364e-002	1.4294	694.5	619.63	-5.5792e-002	
38	1	2.3779e-002				38379						
39	1	2.3779e-002	589.27	556.14	-0.87162		-4.8186e-002	1.4138	1737.2	537.23	-5.6923e-002	
40	1	2.4299e-002	517.84	467.87	-0.8872	37763	-4.8954e-002	1.3981	-207.62	332.3	-5.8046e-002	
41	1	2.4826e-002	434.51	388.96	-0.90282	37056	-4.9672e-002	1.3824	484.2	79.216	-5.9179e-002	
42	1	2.5344e-002	160.98	347.01	-0.91801	36289	-5.0353e-002	1.3671	-785.08	-121.76	-6.028e-002	
43	1	2.5847e-002	-155.37	362.1	-0.93268	35910	-5.0972e-002	1.3523	-941.95	-189.71	-6.1338e-002	
44	1	2.634e-002	747.55	428.	-0.94698	35420	-5.1697e-002	1.3379	-591.92	-107.5	-6.2267e-002	
45	1	2.6824e-002	446.26	512.62	-0.96089	34974	-5.2401e-002	1.324	810.18	62.591	-6.3175e-002	
46	1	2.7304e-002	799.41	580.01	-0.9746	34285	-5.2937e-002	1.3102	463.34	224.86	-6.4129e-002	
47	1	2.7784e-002	909.53	609.62	-0.98812	33336	-5.3421e-002	1.2966	1257.7	320.41	-6.5057e-002	
48	1	2.827e-002	404.85	604.55	-1.0016	32487	-5.3775e-002	1.283	-261.7	360.83	-6.6038e-002	
49	1	2.8767e-002	633.44	586.45	-1.0153	31948	-5.4121e-002	1.2693	-408.87	397.96	-6.7026e-002	
50	1	2.9268e-002	-132.38	574.01	-1.0289	31381	-5.4511e-002	1.2556	458.85	453.96	-6.8e-002	
51	1	2.976e-002	1474.6	564.62	-1.0423	30820	-5.4807e-002	1.2422	1825.2	500.58	-6.9018e-002	
52	1	3.0247e-002	467.08	548.78	-1.0553	30308	-5.4934e-002	1.2291	-137.79	517.8	-7.0149e-002	
53	1	3.073e-002	138.16	536.51	-1.0681	29769	-5.5051e-002	1.2162	24.361	525.88	-7.1311e-002	
54	1	3.1214e-002	495.5	545.81	-1.0808	29205	-5.5131e-002	1.2035	639.48	539.74	-7.2536e-002	
55	1	3.1706e-002	690.5	575.79	-1.0936	28470	-5.5051e-002	1.1906	1226.4	542.11	-7.3866e-002	
56	1	3.2205e-002	572.02	610.	-1.1064	27813	-5.474e-002	1.1778	172.15	518.99	-7.5332e-002	
57	1	3.2707e-002	652.98	631.61	-1.1191		-5.4308e-002	1.165	669.11	484.34	-7.6883e-002	
58	1	3.2707e-002				27119						
59	1	3.3215e-002	917.64	629.3	-1.1318	26511	-5.3788e-002	1.1522	114.83	463.56	-7.8494e-002	
60	1	3.3725e-002	362.88	601.79	-1.1445	25991	-5.3208e-002	1.1395	360.94	471.07	-8.0157e-002	
61	1	3.4234e-002	516.71	555.63	-1.1571	25730	-5.2476e-002	1.1269	282.16	497.77	-8.1911e-002	
62	1	3.474e-002	415.49	492.44	-1.1695	25335	-5.1607e-002	1.1144	609.95	508.31	-8.3638e-002	
63	1	3.5244e-002	1039.7	408.12	-1.1817	24558	-5.0596e-002	1.1022	1434.5	460.3	-8.5367e-002	
64	1	3.5743e-002	145.41	313.52	-1.1936	24339	-4.9605e-002	1.0901	35.135	343.58	-8.7055e-002	
65	1	3.624e-002	-312.27	241.64	-1.2055	23971	-4.8747e-002	1.0783	-72.48	193.24	-8.8654e-002	
66	1	3.6739e-002	244.2	217.99	-1.2172	23537	-4.7996e-002	1.0664	-8.2506	54.604	-9.022e-002	
67	1	3.7239e-002				23055						
68	1	3.7239e-002	391.73	237.1	-1.2289		-4.7287e-002	1.0547	115.03	-46.414	-9.1772e-002	
69	1	3.7737e-002	262.61	277.29	-1.2404	22743	-4.6566e-002	1.0431	123.56	-92.754	-9.3326e-002	
70	1	3.8233e-002	446.69	322.32	-1.2518	22411	-4.5779e-002	1.0317	-1548.	-68.973	-9.4924e-002	
71	1	3.8726e-002	327.93	366.09	-1.263	22167	-4.5058e-002	1.0204	1267.2	12.616	-9.6506e-002	
72	1	3.9215e-002	293.53	408.25	-1.2741	21870	-4.422e-002	1.0092	234.95	112.68	-9.8131e-002	
73	1	3.9699e-002	529.61	447.2	-1.285	21504	-4.3433e-002	0.99823	-717.93	205.8	-9.9724e-002	
74	1	4.0177e-002	457.51	477.29	-1.2956	21027	-4.2766e-002	0.98751	681.07	276.36	-0.10127	
75	1	4.0648e-002	553.29	492.68	-1.306	20735	-4.1984e-002	0.97706	682.71	290.9	-0.10286	
76	1	4.1113e-002	468.35	490.65	-1.3161	20341	-4.1087e-002	0.96681	532.43	223.27	-0.10447	
77	1	4.1574e-002	603.85	472.6	-1.3261	19996	-4.0198e-002	0.95676	-79.997	88.383	-0.10604	
78	1	4.2028e-002				19556						
79	1	4.2028e-002	405.72	445.64	-1.3358		-3.9412e-002	0.94696	-491.19	-71.55	-0.10755	
80	1	4.2475e-002	381.79	422.45	-1.3453	19284	-3.8726e-002	0.93741	-28.996	-222.98	-0.10899	
81	1	4.2914e-002	230.85	414.89	-1.3545	19117	-3.809e-002	0.92805	-48.862	-350.35	-0.11041	
82	1	4.3347e-002	639.24	426.87	-1.3636	18755	-3.7459e-002	0.91889	-783.63	-436.39	-0.11183	
83	1	4.3772e-002	152.47	454.72	-1.3724	18535	-3.6901e-002	0.90997	209.55	-449.46	-0.1132	
84	1	4.419e-002	597.54	488.73	-1.381		-3.6393e-002	0.90126	-1624.6	-351.17	-0.11454	
85	1	4.419e-002				18330						
86	1	4.4601e-002	1033.3	517.27	-1.3894	18048	-3.6015e-002	0.89274	-1339.2	-137.35	-0.11582	
87	1	4.5007e-002	-231.22	538.16	-1.3977	17684	-3.5707e-002	0.88441	2423.9	117.78	-0.11705	
88	1	4.5412e-002	901.67	554.22	-1.4059	17299	-3.5285e-002	0.87616	-26.96	312.44	-0.11836	
89	1	4.5822e-002	741.95	559.59	-1.414	16960	-3.491e-002	0.86794	456.58	409.19	-0.1197	
90	1	4.6235e-002	334.39	548.75	-1.4221	16692	-3.4509e-002	0.85976	382.46	431.74	-0.12109	
91	1	4.6655e-002	708.	526.6	-1.4304	16520	-3.4101e-002	0.85147	357.25	413.61	-0.12251	
92	1	4.7081e-002	427.96	502.41	-1.4387	16316	-3.3672e-002	0.8431	199.4	379.77	-0.12395	
93	1	4.7511e-002	385.76	485.63	-1.447	16025	-3.3219e-002	0.83472	220.68	341.97	-0.12538	
94	1	4.7945e-002	454.3	482.06	-1.4553	15838	-3.2743e-002	0.82634	653.66	297.07	-0.1268	
95	1	4.838e-002	554.41	489.92	-1.4636	15557	-3.219e-002	0.81799	-35.579	238.44	-0.12826	
96	1	4.8815e-002	475.32	503.32	-1.4718	15307	-3.1558e-002	0.80971	226.74	163.84	-0.12974	
97	1	4.9248e-002	531.42	517.16	-1.4799	14980	-3.0843e-002	0.80156	533.58	74.753	-0.13121	
98	1	4.9678e-002	497.71	527.21	-1.4878	14681	-3.0045e-002	0.79355	-132.51	-13.84	-0.13268	
99	1	5.0108e-002	427.69	527.48	-1.4957	14362	-2.9181e-002	0.78566	-1145.9	-75.116	-0.13414	
100	1	5.0534e-002	659.18	508.	-1.5033	14027	-2.8268e-002	0.77792	894.93	-103.2	-0.1356	
101	1	5.0957e-002	751.85	460.75	-1.5109	13731	-2.7283e-002	0.77031	-141.47	-116.92	-0.13706	
102	1	5.1381e-002	381.44	393.99	-1.5183	13463	-2.6309e-002	0.76279	-52.816	-119.54	-0.13847	
103	1	5.1804e-002	-274.49	331.87	-1.5257	13263	-2.5358e-002	0.75532	-778.94	-90.867	-0.13986	
104	1	5.223e-002	650.29	290.33	-1.533	13006	-2.4451e-002	0.74786	125.06	-23.706	-0.14121	
105	1	5.2657e-002	107.15	264.19	-1.5403	12723	-2.3524e-002	0.74047	461.98	60.3	-0.14252	
106	1	5.3085e-002	313.5	239.98	-1.5476	12449	-2.2574e-002	0.73314	66.915	136.94	-0.14382	
107	1	5.3515e-002	400.84	207.97	-1.5547	12173	-2.161e-002	0.72589	104.52	201.39	-0.14513	
108	1	5.3946e-002	93.259	167.16	-1.5619	11983	-2.0634e-002	0.71869	156.97	257.26	-0.14644	
109	1	5.4376e-002	119.65	126.4	-1.5689	11894	-1.959e-002	0.71152	704.16	303.59	-0.14778	
110	1	5.4806e-002	35.69	97.719	-1.5759	11832	-1.8457e-002	0.7044	8.8271	341.5	-0.14915	
111	1	5.5237e-002	121.7	89.513	-1.5829	11621	-1.7392e-002	0.69728	474.74	378.81	-0.15047	
112	1	5.5669e-002	34.016	106.04	-1.5899	11600	-1.6395e-002	0.69018	-43.664	417.65	-0.15171	
113	1	5.6103e-002	-142.74	145.2	-1.5969	11482	-1.5529e-002	0.68311	139.21	435.23	-0.15287	
114	1	5.6538e-002	642.33	194.21	-1.6039	11364	-1.4733e-002	0.67604	1968.5	385.59	-0.15398	
115	1	5.6977e-002	210.68	238.1	-1.6109	11177	-1.3855e-002	0.66897	72.987	249.08	-0.15512	
116	1	5.7419e-002	135.83	274.06	-1.6179	11040	-1.2963e-002	0.66188	-746.7	69.204	-0.15628	
117	1	5.7862e-002	310.29	307.16	-1.6249	10907	-1.2151e-002	0.65482	-53.755	-92.979	-0.15742	
118	1	5.8304e-002	403.25	338.36	-1.6318	10704	-1.1387e-002	0.64782	-87.032	-213.69	-0.15857	
119	1	5.8744e-002	385.47	365.77	-1.6386	10487	-1.0624e-002	0.64093	-177.8	-294.92	-0.15973	
120	1	5.9181e-002	351.76	390.55	-1.6453	10227	-9.8641e-003	0.63415	-725.58	-336.84	-0.16088	
121	1	5.9616e-002	396.38	415.93	-1.6518	10010	-9.1808e-003	0.62749	-282.81	-342.1	-0.16202	
122	1	6.0048e-002	542.97	444.42	-1.6583		-8.529e-003	0.62094	-193.43	-326.98	-0.16317	
123	1	6.0048e-002				9769.7						
124	1	6.0477e-002	394.09	479.13	-1.6646	9522.8	-7.8968e-003	0.61449	-251.36	-312.62	-0.1643	
125	1	6.0904e-002	377.03	523.03	-1.6708		-7.3097e-003	0.60817	-277.58	-310.91	-0.16543	
126	1	6.0904e-002				9311.8						
127	1	6.1328e-002	646.34	572.64	-1.6769	9042.2	-6.7832e-003	0.60196	-319.16	-322.75	-0.16654	
128	1	6.175e-002	680.04	616.91	-1.6829	8728.9	-6.3365e-003	0.59588	-224.3	-341.98	-0.1676	
129	1	6.2171e-002	638.74	644.97	-1.6887	8482.4	-5.9362e-003	0.58991	-673.92	-358.71	-0.16864	
130	1	6.259e-002	692.93	651.39	-1.6945	8205.9	-5.5782e-003	0.58406	-148.46	-365.94	-0.16963	
131	1	6.3008e-002	653.6	635.45	-1.7001	7894.6	-5.2603e-003	0.57833	-237.56	-360.92	-0.17059	
132	1	6.3424e-002	699.6	601.04	-1.7056	7655.9	-4.9926e-003	0.57271	-435.33	-335.33	-0.17152	
133	1	6.3839e-002	484.71	557.91	-1.711	7389.9	-4.7644e-003	0.56721	-262.69	-271.84	-0.17243	
134	1	6.4251e-002	373.85	518.49	-1.7163	7150.5	-4.5584e-003	0.56183	-408.37	-154.19	-0.17333	
135	1	6.4663e-002	480.06	489.08	-1.7215	6955.	-4.38e-003	0.55655	-167.14	19.661	-0.17421	
136	1	6.5074e-002	651.24	466.86	-1.7266	6718.	-4.2182e-003	0.55135	92.93	227.1	-0.17509	
137	1	6.5485e-002	398.23	448.82	-1.7316	6516.8	-4.0446e-003	0.54626	766.12	422.35	-0.17595	
138	1	6.5892e-002	356.52	438.36	-1.7365		-3.7828e-003	0.54126	655.12	556.29	-0.17681	
139	1	6.5892e-002				6422.2						
140	1	6.6294e-002	322.41	438.68	-1.7413	6298.	-3.4225e-003	0.53636	654.42	597.7	-0.17766	
141	1	6.6692e-002	508.76	443.91	-1.7459	6175.2	-2.9383e-003	0.53155	733.41	537.87	-0.17852	
142	1	6.7085e-002				5970.9						
143	1	6.7085e-002	522.4	440.85	-1.7505		-2.4118e-003	0.5269	547.35	388.29	-0.17937	
144	1	6.7475e-002	411.62	417.91	-1.7549	5734.8	-1.8482e-003	0.52235	84.518	180.76	-0.18022	
145	1	6.7861e-002	621.35	372.05	-1.7592	5550.	-1.2798e-003	0.51794	-130.24	-39.718	-0.18105	
146	1	6.8244e-002	188.41	312.49	-1.7634	5338.	-7.2819e-004	0.51366	-429.96	-231.24	-0.18186	
147	1	6.8625e-002	141.28	257.81	-1.7675	5240.	-2.4645e-004	0.50945	-322.98	-367.05	-0.18263	
148	1	6.9006e-002	184.62	224.01	-1.7715		1.8108e-004	0.50529	-536.36	-436.12	-0.18334	
149	1	6.9006e-002				5154.4						
150	1	6.9386e-002	205.88	215.97	-1.7756	5077.9	5.3982e-004	0.50117	-933.02	-442.52	-0.184	
151	1	6.9768e-002	183.5	229.45	-1.7796	4970.	8.126e-004	0.49709	102.06	-411.02	-0.18462	
152	1	7.0151e-002	307.83	255.57	-1.7836	4885.3	1.1451e-003	0.49301	-360.73	-378.64	-0.18533	
153	1	7.0535e-002	336.98	284.5	-1.7875	4794.3	1.5336e-003	0.48893	-279.71	-370.64	-0.18617	
154	1	7.0921e-002				4676.7						
155	1	7.0921e-002	333.4	309.95	-1.7914		1.9679e-003	0.48491	-199.96	-390.12	-0.18704	
156	1	7.1308e-002	383.41	331.82	-1.7953	4576.5	2.4043e-003	0.48092	-220.41	-419.27	-0.18791	
157	1	7.1697e-002	196.64	354.56	-1.7991	4478.1	2.8077e-003	0.47697	-1210.7	-425.02	-0.18875	
158	1	7.2089e-002	406.65	381.07	-1.803	4375.3	3.1338e-003	0.47301	-123.08	-382.66	-0.18956	
159	1	7.2482e-002	519.4	409.25	-1.8068	4252.2	3.4367e-003	0.4691	-390.43	-295.27	-0.19035	
160	1	7.2878e-002	229.73	435.06	-1.8106	4128.8	3.7086e-003	0.46523	14.802	-181.63	-0.19112	
161	1	7.3277e-002	527.83	453.07	-1.8143	3985.6	3.9491e-003	0.46139	-537.21	-60.596	-0.19189	
162	1	7.3677e-002	561.66	454.25	-1.818	3843.6	4.1301e-003	0.4576	-352.24	36.602	-0.19263	
163	1	7.408e-002	553.38	432.44	-1.8217	3721.	4.289e-003	0.45385	1747.4	58.428	-0.19338	
164	1	7.4488e-002	234.37	392.13	-1.8253	3594.8	4.4842e-003	0.45011	-302.13	-22.372	-0.19422	
165	1	7.49e-002	378.09	344.1	-1.8289	3465.4	4.6435e-003	0.4464	-203.17	-163.74	-0.19506	
166	1	7.5316e-002	343.8	297.41	-1.8325	3334.9	4.7766e-003	0.44273	-987.42	-285.41	-0.19588	
167	1	7.5734e-002	103.02	258.37	-1.836	3209.6	4.8793e-003	0.4391	-765.63	-336.1	-0.19675	
168	1	7.6155e-002	154.	228.9	-1.8395	3100.8	4.9183e-003	0.43552	223.57	-322.63	-0.1976	
169	1	7.658e-002	328.46	202.08	-1.843		4.9652e-003	0.43198	-255.97	-283.9	-0.19849	
170	1	7.658e-002				2980.7						
171	1	7.7008e-002	224.2	166.37	-1.8463	2877.6	5.0343e-003	0.42847	-326.09	-249.89	-0.19939	
172	1	7.7438e-002	234.65	116.77	-1.8497	2796.1	5.0872e-003	0.425	-85.708	-232.95	-0.2003	
173	1	7.787e-002	159.95	61.708	-1.853		5.1276e-003	0.42157	-304.89	-238.24	-0.20122	
174	1	7.787e-002				2733.6						
175	1	7.8303e-002	136.23	25.28	-1.8563	2672.8	5.1592e-003	0.41816	-105.75	-265.89	-0.20214	
176	1	7.8737e-002	-937.42	37.454	-1.8596	2607.6	5.198e-003	0.41477	-335.78	-308.81	-0.20307	
177	1	7.9173e-002	404.67	104.01	-1.8629		5.2254e-003	0.41139	-446.17	-353.49	-0.20397	
178	1	7.9173e-002				2491.7						
179	1	7.9609e-002	447.73	192.31	-1.866	2372.	5.247e-003	0.40811	-376.99	-385.92	-0.20488	
180	1	8.0045e-002	510.22	262.58	-1.8691	2294.2	5.2648e-003	0.40487	-353.77	-396.37	-0.20577	
181	1	8.0484e-002	-16.309	299.33	-1.8722	2186.	5.2776e-003	0.40171	-421.72	-377.24	-0.20665	
182	1	8.0924e-002	605.19	305.53	-1.8752	2095.1	5.2627e-003	0.39859	-544.35	-322.96	-0.20752	
183	1	8.1367e-002	292.43	289.65	-1.8781	2034.3	5.2264e-003	0.39551	-220.95	-237.52	-0.20837	
184	1	8.1812e-002	148.91	266.9	-1.8811	1984.1	5.193e-003	0.39247	-52.685	-137.97	-0.20921	
185	1	8.2259e-002	163.	255.86	-1.8839	1941.2	5.1522e-003	0.38945	35.952	-45.464	-0.21005	
186	1	8.2707e-002	233.88	267.09	-1.8868	1891.9	5.1126e-003	0.38645	35.603	25.759	-0.21087	
187	1	8.3155e-002	227.45	298.88	-1.8896	1840.8	5.075e-003	0.38349	68.05	70.284	-0.21168	
188	1	8.3603e-002	454.41	340.9	-1.8924	1749.5	5.0655e-003	0.38059	191.98	88.329	-0.21249	
189	1	8.4051e-002	201.67	379.08	-1.8951	1677.8	5.0904e-003	0.37777	15.625	84.636	-0.21328	
190	1	8.4498e-002	579.3	397.67	-1.8977	1615.8	5.1248e-003	0.37498	134.35	68.069	-0.21407	
191	1	8.4946e-002				1525.7						
192	1	8.4946e-002	539.67	382.95	-1.9003		5.1874e-003	0.37227	23.643	49.86	-0.21484	
193	1	8.5394e-002	479.94	333.82	-1.9028	1472.	5.2646e-003	0.36961	-93.492	41.099	-0.2156	
194	1	8.5842e-002	75.777	267.99	-1.9053	1406.4	5.3544e-003	0.36702	3.6996	47.456	-0.21635	
195	1	8.6292e-002	184.82	212.04	-1.9077	1350.	5.4576e-003	0.36448	74.276	64.501	-0.21709	
196	1	8.6743e-002	81.115	186.28	-1.9101		5.577e-003	0.36198	175.53	80.885	-0.21782	
197	1	8.6743e-002				1306.2						
198	1	8.7194e-002	179.76	198.82	-1.9124		5.7211e-003	0.35954	198.38	87.638	-0.21853	
199	1	8.7194e-002				1225.8						
200	1	8.7644e-002	249.64	247.68	-1.9146	1171.2	5.8842e-003	0.35718	-13.128	84.855	-0.21923	
201	1	8.8093e-002				1125.7						
202	1	8.8093e-002	156.26	323.71	-1.9168		6.0531e-003	0.35487	1.5113	78.463	-0.21992	
203	1	8.8543e-002	591.45	411.16	-1.9189	1049.4	6.2412e-003	0.3526	255.18	72.633	-0.22062	
204	1	8.8994e-002	500.66	491.44	-1.9209	958.7	6.4693e-003	0.35043	58.949	71.289	-0.22132	
205	1	8.9443e-002	530.66	550.26	-1.9229	870.39	6.7098e-003	0.34837	-177.7	82.15	-0.22202	
206	1	8.9895e-002				779.44						
207	1	8.9895e-002	681.65	579.66	-1.9247		6.9319e-003	0.34641	259.28	109.83	-0.2227	
208	1	9.0348e-002	652.08	577.46	-1.9264	692.73	7.1384e-003	0.34455	103.27	150.22	-0.22336	
209	1	9.0801e-002	638.05	550.78	-1.928	609.65	7.3249e-003	0.34281	306.16	196.86	-0.224	
210	1	9.1253e-002	316.49	516.56	-1.9296	563.55	7.5227e-003	0.34117	142.16	247.18	-0.22463	
211	1	9.1704e-002	304.21	491.11	-1.931		7.7172e-003	0.33959	113.95	298.73	-0.22523	
212	1	9.1704e-002				528.26						
213	1	9.2153e-002	631.84	477.07	-1.9324	490.7	7.9061e-003	0.33807	542.73	341.3	-0.22581	
214	1	9.2601e-002	690.34	467.17	-1.9337	430.67	8.1153e-003	0.33664	664.55	361.59	-0.22639	
215	1	9.3049e-002				386.31						
216	1	9.3049e-002	329.97	461.55	-1.935		8.3604e-003	0.33529	175.6	360.16	-0.22696	
217	1	9.3499e-002	350.65	471.59	-1.9361	358.9	8.6063e-003	0.33401	247.76	353.54	-0.22753	
218	1	9.395e-002	335.02	504.7	-1.9373	332.36	8.847e-003	0.33277	218.98	355.67	-0.22808	
219	1	9.4403e-002	697.98	552.68	-1.9383	286.47	9.084e-003	0.33159	511.3	365.84	-0.22862	
220	1	9.4857e-002	682.24	597.72	-1.9393	240.01	9.3261e-003	0.33052	375.9	374.89	-0.22916	
221	1	9.5311e-002	662.16	626.41	-1.9402	199.16	9.5697e-003	0.32955	442.91	376.58	-0.22967	
222	1	9.5765e-002	645.57	636.07	-1.9409	164.38	9.8177e-003	0.32868	429.23	372.37	-0.23017	
223	1	9.6219e-002				134.49						
224	1	9.6219e-002	637.6	631.4	-1.9416		1.0069e-002	0.32791	418.57	371.93	-0.23065	
225	1	9.6672e-002	546.99	619.49	-1.9422	112.99	1.032e-002	0.32722	-50.485	388.47	-0.23112	
226	1	9.7126e-002	625.22	605.82	-1.9427	90.216	1.0545e-002	0.32661	490.31	424.08	-0.23157	
227	1	9.7581e-002	596.7	592.68	-1.9432	71.544	1.0773e-002	0.32608	741.35	462.38	-0.23201	
228	1	9.8038e-002	568.53	580.74	-1.9435	56.178	1.103e-002	0.32563	389.49	484.13	-0.23244	
229	1	9.8497e-002	563.34	570.39	-1.9438	43.468	1.1266e-002	0.32526	588.95	482.32	-0.23285	
230	1	9.8957e-002				33.168						
231	1	9.8957e-002	550.02	561.28	-1.944		1.1503e-002	0.32496	455.64	460.28	-0.23326	
232	1	9.9418e-002	570.31	551.88	-1.9442		1.1748e-002	0.32472	303.9	425.36	-0.23365	
233	1	9.9418e-002				26.572						
234	1	9.9878e-002	524.79	540.2	-1.9443	21.536	1.2008e-002	0.32455	521.02	384.44	-0.234	
235	1	0.10034	539.67	524.36	-1.9443	18.571	1.2281e-002	0.32445	316.93	343.2	-0.23433	
236	1	0.1008	496.73	502.72	-1.9443	17.312	1.2561e-002	0.32441	162.93	308.1	-0.23461	
237	1	0.10126	527.64	474.44	-1.9442	17.515	1.2853e-002	0.32443	393.92	283.59	-0.23486	
238	1	0.10172	489.26	441.36	-1.944	19.677	1.3187e-002	0.32452	477.38	272.19	-0.23511	
239	1	0.10218	279.65	409.05	-1.9438	22.715	1.3558e-002	0.32467	-254.19	279.8	-0.23535	
240	1	0.10263	456.72	383.57	-1.9435	27.961	1.3931e-002	0.32489	451.44	307.73	-0.23557	
241	1	0.10309	296.97	367.92	-1.9432	33.464	1.4328e-002	0.32516	491.86	341.79	-0.23577	
242	1	0.10355	371.35	362.	-1.9428	40.605	1.4736e-002	0.32548	388.99	363.4	-0.23597	
243	1	0.104	373.02	363.59	-1.9423	48.814	1.5147e-002	0.32587	408.42	364.82	-0.23616	
244	1	0.10445	348.43	369.1	-1.9418	58.055	1.5569e-002	0.3263	388.3	349.41	-0.23636	
245	1	0.1049	353.03	374.12	-1.9413	68.092	1.6001e-002	0.32678	308.99	327.03	-0.23655	
246	1	0.10535	443.64	373.33	-1.9407	77.349	1.6431e-002	0.32731	212.45	310.15	-0.23673	
247	1	0.10579	391.97	362.55	-1.9401	88.782	1.6842e-002	0.32788	264.8	307.85	-0.23688	
248	1	0.10624	339.35	341.86	-1.9394	100.85	1.7228e-002	0.32851	111.08	319.2	-0.23699	
249	1	0.10669	246.55	314.96	-1.9387	112.25	1.7582e-002	0.32918	617.3	331.18	-0.23708	
250	1	0.10713	301.54	284.69	-1.9379	125.52	1.7941e-002	0.32989	414.28	327.88	-0.23716	
251	1	0.10757	282.98	251.	-1.9371	138.22	1.8291e-002	0.33065	283.93	305.04	-0.23722	
252	1	0.10802	266.1	213.86	-1.9362	150.86	1.862e-002	0.33144	188.77	271.25	-0.23727	
253	1	0.10846	164.33	177.13	-1.9354	163.05	1.894e-002	0.33228	170.89	236.21	-0.23732	
254	1	0.10891	78.62	148.03	-1.9344	174.84	1.9257e-002	0.33315	348.22	203.5	-0.23735	
255	1	0.10935	101.32	132.35	-1.9335	189.	1.9564e-002	0.33405	148.66	174.83	-0.23736	
256	1	0.1098	95.72	130.12	-1.9325	202.38	1.9857e-002	0.335	89.322	155.44	-0.23736	
257	1	0.11025	163.88	135.57	-1.9315	214.35	2.0149e-002	0.33598	48.138	150.46	-0.23736	
258	1	0.1107	157.82	140.19	-1.9305		2.0411e-002	0.33701	193.2	157.74	-0.23736	
259	1	0.1107				228.8						
260	1	0.11114	174.54	136.61	-1.9294	240.1	2.0649e-002	0.33806	136.02	167.18	-0.23733	
261	1	0.11159	204.79	121.62	-1.9283	251.92	2.088e-002	0.33914	390.62	167.07	-0.23731	
262	1	0.11204	53.233	98.149	-1.9272	261.55	2.1099e-002	0.34025	107.63	152.7	-0.23728	
263	1	0.11249	27.342	73.552	-1.926	269.2	2.1306e-002	0.34137	78.794	129.55	-0.23724	
264	1	0.11294	41.002	54.205	-1.9249	276.39	2.15e-002	0.34251	78.009	106.68	-0.2372	
265	1	0.11339	46.265	42.271	-1.9237	283.31	2.1681e-002	0.34367	99.417	89.541	-0.23715	
266	1	0.11384	28.223	36.899	-1.9225	290.16	2.1847e-002	0.34485	58.487	79.539	-0.23709	
267	1	0.1143	36.251	36.145	-1.9213	297.01	2.1999e-002	0.34604	56.046	75.992	-0.23703	
268	1	0.11475	42.03	37.622	-1.9201	304.17	2.2139e-002	0.34725	83.636	76.341	-0.23696	
269	1	0.1152	34.929	38.779	-1.9188	310.55	2.2269e-002	0.34848	71.649	76.336	-0.23687	
270	1	0.11566	78.964	37.507	-1.9176	317.86	2.2389e-002	0.34972	136.45	71.615	-0.23679	
271	1	0.11612	29.917	33.266	-1.9163	325.17	2.2493e-002	0.35099	73.697	60.351	-0.23669	
272	1	0.11658	2.7341	27.506	-1.915	331.2	2.259e-002	0.35227	13.494	44.708	-0.23657	
273	1	0.11704	21.778	22.105	-1.9137	336.76	2.2678e-002	0.35356	8.4975	28.741	-0.23646	
274	1	0.1175	19.965	17.743	-1.9124	343.51	2.2753e-002	0.35487	-7.2775e-002	14.86	-0.23634	
275	1	0.11796	19.942	14.205	-1.9111	350.39	2.2814e-002	0.35619	30.008	2.8243	-0.23622	
276	1	0.11842	4.8585	11.313	-1.9098	356.18	2.2862e-002	0.35754	-18.901	-8.6379	-0.23609	
277	1	0.11889	11.25	9.0838	-1.9084	361.92	2.2896e-002	0.3589	-7.8289	-20.255	-0.23596	
278	1	0.11936				368.12						
279	1	0.11936	9.1663	7.5001	-1.907		2.2919e-002	0.36028	-22.025	-31.839	-0.23583	
280	1	0.11984	3.0118	6.5064	-1.9057	374.3	2.2929e-002	0.36168	-58.824	-42.368	-0.2357	
281	1	0.12031	10.847	6.0769	-1.9042	380.61	2.2925e-002	0.3631	-28.695	-50.283	-0.23556	
282	1	0.12079	4.8237	6.2411	-1.9028	387.04	2.2909e-002	0.36453	-80.325	-53.892	-0.23543	
283	1	0.12126	0.91296	7.0732	-1.9014	393.01	2.288e-002	0.36596	-81.889	-52.126	-0.23529	
284	1	0.12173	5.5572	8.4431	-1.9	398.93	2.2836e-002	0.3674	-50.818	-46.035	-0.23515	
285	1	0.1222	15.097	9.7808	-1.8985	405.04	2.278e-002	0.36885	-11.839	-39.209	-0.23502	
286	1	0.12268	17.383	10.366	-1.8971	411.04	2.2711e-002	0.37031	-3.5839	-35.567	-0.23488	
287	1	0.12315	9.3459	9.8933	-1.8956	416.56	2.2627e-002	0.37178	-42.144	-36.653	-0.23473	
288	1	0.12362	5.8086	8.6132	-1.8942	422.15	2.2524e-002	0.37326	-56.629	-41.421	-0.23458	
289	1	0.12409	10.901	7.0023	-1.8927	427.92	2.2404e-002	0.37475	-42.606	-48.156	-0.23442	
290	1	0.12456	4.8044	5.5661	-1.8913	433.53	2.227e-002	0.37624	-43.035	-55.606	-0.23425	
291	1	0.12503	-1.5866	4.8312	-1.8898	438.73	2.2124e-002	0.37774	-85.726	-62.58	-0.23409	
292	1	0.1255	3.9599	5.1386	-1.8883	443.75	2.1959e-002	0.37925	-72.546	-68.031	-0.23392	
293	1	0.12597	6.0531	6.4027	-1.8868	448.72	2.1775e-002	0.38075	-58.095	-71.785	-0.23376	
294	1	0.12643	7.9312	8.187	-1.8854	453.74	2.157e-002	0.38226	-74.03	-74.191	-0.23359	
295	1	0.12689	9.1552	9.9053	-1.8839	458.76	2.1346e-002	0.38376	-72.453	-75.155	-0.23341	
296	1	0.12735	19.548	10.986	-1.8824	463.84	2.1105e-002	0.38526	-86.291	-74.083	-0.23322	
297	1	0.1278	12.017	11.148	-1.881	469.94	2.0847e-002	0.38676	-68.058	-70.542	-0.23303	
298	1	0.12826	7.0766	10.593	-1.8795	475.01	2.0571e-002	0.38827	-79.657	-64.77	-0.23284	
299	1	0.12871	9.1232	9.7604	-1.8781	479.73	2.0278e-002	0.38977	-49.687	-57.827	-0.23264	
300	1	0.12916	9.9762	8.9832	-1.8766	484.31	1.9973e-002	0.39128	-36.593	-51.22	-0.23244	
301	1	0.1296	6.2926	8.4436	-1.8752	488.68	1.9657e-002	0.39278	-53.402	-46.025	-0.23224	
302	1	0.13005	9.1205	8.2454	-1.8737	492.76	1.9328e-002	0.39429	-37.23	-42.509	-0.23203	
303	1	0.13049	8.579	8.4333	-1.8722	496.81	1.899e-002	0.39579	-35.153	-40.45	-0.23182	
304	1	0.13094	6.2728	9.0066	-1.8708		1.8643e-002	0.3973	-52.244	-39.377	-0.2316	
305	1	0.13094				500.81						
306	1	0.13137	11.066	9.8899	-1.8694	504.7	1.8287e-002	0.3988	-41.967	-38.908	-0.23138	
307	1	0.13181	14.024	10.936	-1.8679	508.68	1.7924e-002	0.4003	-31.436	-39.213	-0.23116	
308	1	0.13225	14.166	12.104	-1.8665	512.71	1.7554e-002	0.4018	-33.697	-40.723	-0.23093	
309	1	0.13268	12.876	13.634	-1.865	516.69	1.7177e-002	0.4033	-39.741	-43.341	-0.2307	
310	1	0.13311	16.793	16.	-1.8636	520.45	1.6792e-002	0.4048	-70.095	-46.359	-0.23046	
311	1	0.13354	3.9667	19.621	-1.8622	524.12	1.6396e-002	0.4063	-37.972	-49.331	-0.23022	
312	1	0.13397	14.29	24.228	-1.8607	529.39	1.5989e-002	0.4078	-90.749	-52.943	-0.22997	
313	1	0.1344	33.439	28.294	-1.8593	536.89	1.5563e-002	0.4093	78.97	-58.251	-0.22971	
314	1	0.13483	76.368	29.75	-1.8579	540.64	1.5139e-002	0.41081	-215.42	-64.389	-0.22943	
315	1	0.13525	1.4062	27.879	-1.8564	548.82	1.4696e-002	0.41233	-57.988	-69.582	-0.22915	
316	1	0.13568	23.741	23.807	-1.855	556.12	1.4237e-002	0.41385	-3.4072	-74.823	-0.22884	
317	1	0.1361	21.674	19.007	-1.8535	563.33	1.3764e-002	0.41538	-91.644	-82.312	-0.22853	
318	1	0.13652	8.3306	14.406	-1.8521	570.2	1.3275e-002	0.4169	-101.78	-91.493	-0.2282	
319	1	0.13695	9.5553	10.57	-1.8506	576.67	1.2772e-002	0.41843	-103.88	-99.852	-0.22785	
320	1	0.13736	8.1172	7.7678	-1.8492	582.59	1.2253e-002	0.41997	-105.49	-105.31	-0.2275	
321	1	0.13778	4.806	5.9969	-1.8478	588.32	1.1718e-002	0.4215	-132.67	-106.82	-0.22712	
322	1	0.1382	0.81543	5.0824	-1.8463	593.85	1.1162e-002	0.42303	-108.39	-104.64	-0.22673	
323	1	0.13861	14.14	4.7062	-1.8449	599.24	1.0587e-002	0.42457	-78.793	-100.58	-0.22633	
324	1	0.13903	-2.7674	4.5539	-1.8434	604.24	9.9998e-003	0.42611	-88.478	-96.776	-0.22591	
325	1	0.13944	6.7449	4.4252	-1.842	607.82	9.398e-003	0.42764	-104.45	-94.199	-0.22548	
326	1	0.13985	6.0856	4.127	-1.8406	611.19	8.779e-003	0.42916	-79.559	-92.791	-0.22503	
327	1	0.14025				613.29						
328	1	0.14025	7.8918	3.5292	-1.8392		8.1483e-003	0.43068	-102.42	-92.126	-0.22456	
329	1	0.14066	0.34535	2.788	-1.8378	615.78	7.506e-003	0.4322	-53.984	-91.354	-0.22408	
330	1	0.14106	-16.535	2.1386	-1.8364	618.12	6.8521e-003	0.43372	-88.972	-88.328	-0.22358	
331	1	0.14146	5.5167	1.1612	-1.8349	620.66	6.1819e-003	0.43524	-116.43	-79.337	-0.22304	
332	1	0.14187	15.129	-1.3973	-1.8335	624.19	5.4947e-003	0.43678	-103.81	-61.228	-0.22249	
333	1	0.14227	31.585	-6.2617	-1.8321	628.13	4.7922e-003	0.43832	-73.065	-34.802	-0.22192	
334	1	0.14268	2.8028	-11.525	-1.8307	631.67	4.0764e-003	0.43988	123.44	-5.1461	-0.22133	
335	1	0.14309	-63.193	-12.247	-1.8292	629.02	3.3643e-003	0.44144	20.051	23.395	-0.22072	
336	1	0.1435	-47.584	-3.4275	-1.8278	624.96	2.6532e-003	0.443	-0.34796	51.572	-0.22009	
337	1	0.14391	-50.419	15.412	-1.8264	620.83	1.9391e-003	0.44455	-3.9149e-002	81.798	-0.21944	
338	1	0.14432	-59.971	36.619	-1.8249	616.3	1.2208e-003	0.44611	-0.37239	110.16	-0.21877	
339	1	0.14473	447.31	46.475	-1.8235	624.78	5.1351e-004	0.44768	526.83	125.31	-0.21809	
340	1	0.14515	-52.107	37.514	-1.822	648.98	-2.4179e-004	0.44931	40.466	120.76	-0.21738	
341	1	0.14558	-40.853	17.604	-1.8205	644.8	-1.0385e-003	0.45095	-25.808	104.32	-0.21663	
342	1	0.146	-43.894	1.4963	-1.819	641.11	-1.8465e-003	0.4526	-15.524	87.676	-0.21586	
343	1	0.14644	-102.55	-1.9494	-1.8175	637.32	-2.6617e-003	0.45426	44.023	71.154	-0.21507	
344	1	0.14687	96.203	7.05	-1.8159	639.37	-3.4676e-003	0.45591	315.02	44.507	-0.21428	
345	1	0.14731	-44.398	22.746	-1.8144	635.64	-4.2453e-003	0.45758	1.6111	1.2525	-0.21347	
346	1	0.14774	55.169	37.754	-1.8129	632.09	-5.0196e-003	0.45925	229.13	-48.223	-0.21267	
347	1	0.14818	175.62	45.218	-1.8113	642.11	-5.7713e-003	0.46092	-851.36	-79.608	-0.21186	
348	1	0.14862	2.3424	42.344	-1.8098	646.57	-6.5641e-003	0.46261	122.19	-78.085	-0.21102	
349	1	0.14906	24.34	32.493	-1.8082	645.12	-7.3327e-003	0.46429	113.48	-54.307	-0.21019	
350	1	0.14949	0.67742	21.478	-1.8067	642.81	-8.0794e-003	0.46597	-11.841	-28.118	-0.20937	
351	1	0.14993	0.3977	13.37	-1.8051	641.95	-8.8367e-003	0.46765	8.1039	-8.2063	-0.20853	
352	1	0.15037	-19.096	9.4618	-1.8036	640.75	-9.6163e-003	0.46934	-5.5794	6.9392	-0.20767	
353	1	0.15082	51.781	8.6522	-1.802	642.7	-1.0407e-002	0.47107	-44.68	20.976	-0.20677	
354	1	0.15128	10.242	9.1346	-1.8004	641.37	-1.1196e-002	0.47283	114.99	35.795	-0.20585	
355	1	0.15174	-14.637	10.213	-1.7987	640.24	-1.1971e-002	0.47459	-41.276	51.256	-0.20492	
356	1	0.15219	17.409	11.758	-1.7971	639.76	-1.2744e-002	0.47635	92.916	65.791	-0.20399	
357	1	0.15265	15.621	12.88	-1.7955	640.58	-1.3503e-002	0.47811	117.96	76.295	-0.20305	
358	1	0.15311	20.174	12.236	-1.7938	641.39	-1.4249e-002	0.47988	86.432	80.112	-0.20208	
359	1	0.15357	17.067	9.0212	-1.7922	641.68	-1.4972e-002	0.48165	76.284	77.481	-0.20113	
360	1	0.15403	13.296	3.4921	-1.7905	641.8	-1.5674e-002	0.48341	77.277	70.968	-0.20018	
361	1	0.15449	-4.5861	-2.8944	-1.7889	641.19	-1.6359e-002	0.48517	13.933	63.492	-0.19922	
362	1	0.15494	-37.056	-8.0511	-1.7873	639.83	-1.7033e-002	0.48693	88.079	56.703	-0.19825	
363	1	0.1554	-8.8792	-10.66	-1.7857	637.87	-1.7685e-002	0.48867	61.025	50.874	-0.19727	
364	1	0.15585	-11.05	-11.04	-1.784	636.96	-1.8324e-002	0.4904	0.74236	46.193	-0.1963	
365	1	0.1563	-4.791	-10.521	-1.7824	635.42	-1.8966e-002	0.49213	49.809	42.474	-0.19531	
366	1	0.15675	-6.8558	-10.387	-1.7808	634.36	-1.9607e-002	0.49387	57.807	38.016	-0.19431	
367	1	0.15721	0.48793	-11.304	-1.7792	633.21	-2.0238e-002	0.49561	84.588	31.169	-0.1933	
368	1	0.15767	-19.678	-13.092	-1.7776	631.79	-2.086e-002	0.49735	-8.8901	23.12	-0.19228	
369	1	0.15812	-15.658	-14.938	-1.7759	630.35	-2.1476e-002	0.49909	0.45815	17.67	-0.19125	
370	1	0.15858	-21.041	-15.995	-1.7743	628.93	-2.2085e-002	0.50082	-8.2917	18.081	-0.19021	
371	1	0.15904	-19.439	-15.843	-1.7727	627.29	-2.2692e-002	0.50255	26.872	24.809	-0.18916	
372	1	0.15949	-13.781	-14.591	-1.7711	625.44	-2.3292e-002	0.50428	33.219	35.778	-0.1881	
373	1	0.15995	-9.6956	-12.715	-1.7695	623.96	-2.3889e-002	0.50601	33.048	47.565	-0.18703	
374	1	0.16041	-30.153	-10.902	-1.7679	621.92	-2.4482e-002	0.50774	45.546	55.732	-0.18594	
375	1	0.16087	20.153	-10.132	-1.7663	620.34	-2.5071e-002	0.50948	162.97	55.554	-0.18484	
376	1	0.16134	-13.095	-11.219	-1.7646	619.06	-2.5646e-002	0.51122	37.759	45.305	-0.18374	
377	1	0.1618	-9.5772	-13.93	-1.763	617.28	-2.6217e-002	0.51295	39.797	28.948	-0.18262	
378	1	0.16227	-27.921	-17.065	-1.7614	615.57	-2.6786e-002	0.51468	-78.416	13.695	-0.1815	
379	1	0.16273	-26.05	-19.434	-1.7598	613.63	-2.7366e-002	0.51641	14.329	4.5975	-0.18035	
380	1	0.1632	-17.498	-20.576	-1.7581	611.4	-2.7948e-002	0.51816	-14.598	1.7737	-0.17919	
381	1	0.16367	-20.109	-20.685	-1.7565	609.51	-2.8534e-002	0.5199	54.547	2.2231	-0.17801	
382	1	0.16415	-23.067	-20.154	-1.7549	607.29	-2.9116e-002	0.52165	-11.127	3.3782	-0.17681	
383	1	0.16463	-17.223	-19.376	-1.7532	605.52	-2.9703e-002	0.52341	-12.867	4.4967	-0.17559	
384	1	0.16511	-14.614	-18.738	-1.7516	603.49	-3.0296e-002	0.52517	28.6	5.4308	-0.17435	
385	1	0.16559	-16.779	-18.429	-1.7499	601.57	-3.0886e-002	0.52692	2.5994	5.8291	-0.1731	
386	1	0.16607				599.35						
387	1	0.16607	-22.039	-18.303	-1.7483		-3.1476e-002	0.52868	-5.8522	5.6459	-0.17184	
388	1	0.16655	-19.189	-18.092	-1.7466	597.01	-3.2069e-002	0.53043	16.199	5.046	-0.17057	
389	1	0.16703	-17.381	-17.683	-1.745	594.87	-3.2661e-002	0.53218	8.063	4.0929	-0.16928	
390	1	0.16752	-17.232	-17.153	-1.7434	592.89	-3.3251e-002	0.53392	-2.2992	3.1311	-0.16798	
391	1	0.168	-15.418	-16.63	-1.7417	593.44	-3.3827e-002	0.53565	1.8672	2.8468	-0.16669	
392	1	0.16848	-15.305	-16.191	-1.7401	591.76	-3.439e-002	0.53737	-6.1948	3.7327	-0.1654	
393	1	0.16895	-18.036	-15.824	-1.7385	590.08	-3.4954e-002	0.53908	-29.899	5.2977	-0.1641	
394	1	0.16943	-13.967	-15.493	-1.7369		-3.5523e-002	0.54079	84.598	5.7447	-0.16279	
395	1	0.16943				588.09						
396	1	0.16991	-16.561	-15.197	-1.7353	586.27	-3.6083e-002	0.54248	-22.295	3.6517	-0.16148	
397	1	0.17038	-15.068	-14.98	-1.7337	584.33	-3.6642e-002	0.54418	-14.007	-0.35715	-0.16017	
398	1	0.17086	-14.596	-14.929	-1.7321	582.67	-3.7201e-002	0.54586	-8.2952	-4.9925	-0.15885	
399	1	0.17133	-10.274	-15.111	-1.7305	581.07	-3.7759e-002	0.54753	18.964	-9.8757	-0.15753	
400	1	0.1718	-18.73	-15.433	-1.7289	579.69	-3.8312e-002	0.54919	-22.876	-14.561	-0.1562	
401	1	0.17227	-18.396	-15.659	-1.7274	578.13	-3.8868e-002	0.55084	-39.628	-17.695	-0.15487	
402	1	0.17274	-14.452	-15.65	-1.7258	576.35	-3.9433e-002	0.55249	-14.471	-18.142	-0.15353	
403	1	0.17321	-16.513	-15.476	-1.7242	574.23	-3.9996e-002	0.55412	-23.686	-16.055	-0.15218	
404	1	0.17368	-13.67	-15.305	-1.7227	572.54	-4.056e-002	0.55576	-9.7925	-12.601	-0.15083	
405	1	0.17414	-13.173	-15.258	-1.7211	570.74	-4.1124e-002	0.55738	-6.2513	-9.3348	-0.14948	
406	1	0.17461	-17.778	-15.331	-1.7196	569.29	-4.1684e-002	0.55899	24.137	-7.4716	-0.14813	
407	1	0.17507	-17.085	-15.451	-1.7181	567.54	-4.2242e-002	0.56059	-32.891	-7.0026	-0.14678	
408	1	0.17554	-11.663	-15.621	-1.7166	566.06	-4.2801e-002	0.56219	-0.19676	-6.8418	-0.14543	
409	1	0.176	-17.	-15.87	-1.7151	564.37	-4.3358e-002	0.56377	-17.973	-6.0154	-0.14408	
410	1	0.17646	-16.786	-16.133	-1.7136	562.41	-4.3917e-002	0.56535	-11.26	-4.415	-0.14272	
411	1	0.17692	-13.945	-16.271	-1.7121	560.67	-4.4475e-002	0.56692	22.531	-2.6639	-0.14136	
412	1	0.17738	-19.117	-16.129	-1.7106	559.27	-4.5029e-002	0.56847	-11.791	-1.3046	-0.13999	
413	1	0.17783	-17.84	-15.59	-1.7091	557.52	-4.5584e-002	0.57002	-4.2607	-0.22277	-0.13863	
414	1	0.17828	-12.395	-14.699	-1.7076	555.93	-4.6138e-002	0.57156	11.293	0.94796	-0.13726	
415	1	0.17874	-13.382	-13.635	-1.7062	554.45	-4.6687e-002	0.57308	-1.3683	2.5388	-0.1359	
416	1	0.17919	-14.24	-12.566	-1.7047	553.	-4.7235e-002	0.57459	-10.339	4.9263	-0.13454	
417	1	0.17963	-10.003	-11.626	-1.7033	551.56	-4.778e-002	0.5761	14.219	8.0774	-0.13317	
418	1	0.18008	-10.161	-10.943	-1.7018	550.17	-4.832e-002	0.57759	21.587	11.34	-0.13181	
419	1	0.18052	-10.577	-10.581	-1.7004	549.	-4.8854e-002	0.57906	14.792	14.195	-0.13046	
420	1	0.18096	-10.713	-10.512	-1.699	547.65	-4.9383e-002	0.58053	18.383	16.871	-0.1291	
421	1	0.18145	-10.759	-10.667	-1.6975	546.2	-4.9962e-002	0.58214	13.008	20.091	-0.12761	
422	1	0.18195	-9.7883	-10.975	-1.6959		-5.0558e-002	0.5838	10.243	24.371	-0.12606	
423	1	0.18195				544.75						
424	1	0.18245	-10.465	-11.321	-1.6943	543.02	-5.1149e-002	0.58545	6.6434	29.081	-0.12451	
425	1	0.18295	-15.175	-11.527	-1.6927	541.21	-5.1732e-002	0.5871	95.291	32.211	-0.12297	
426	1	0.18344	-10.864	-11.458	-1.6911	539.55	-5.23e-002	0.58873	26.537	32.234	-0.12142	
427	1	0.18394	-10.998	-11.127	-1.6895	537.63	-5.2858e-002	0.59036	10.685	29.944	-0.11988	
428	1	0.18444	-10.233	-10.637	-1.6879	536.06	-5.3407e-002	0.59197	22.136	27.269	-0.11835	
429	1	0.18493	-9.3201	-10.074	-1.6864	534.58	-5.395e-002	0.59358	19.285	25.122	-0.11681	
430	1	0.18542	-11.303	-9.4764	-1.6848	532.88	-5.4486e-002	0.59518	45.434	23.27	-0.11528	
431	1	0.18591	-8.7148	-8.8923	-1.6833	531.42	-5.5012e-002	0.59677	6.6413	21.473	-0.11375	
432	1	0.18641	-7.2855	-8.4254	-1.6817	530.02	-5.5538e-002	0.59837	12.068	19.861	-0.11221	
433	1	0.1869	-8.7375	-8.1945	-1.6802	528.46	-5.6058e-002	0.59996	38.9	18.397	-0.11068	
434	1	0.18739	-7.1316	-8.2715	-1.6786	527.2	-5.657e-002	0.60154	7.2636	16.93	-0.10914	
435	1	0.18789	-8.0973	-8.6627	-1.6771	525.8	-5.7079e-002	0.60312	21.291	15.745	-0.10761	
436	1	0.18838	-9.6933	-9.2973	-1.6755	523.99	-5.7581e-002	0.6047	3.0115	15.389	-0.10607	
437	1	0.18887	-10.908	-10.055	-1.674	522.56	-5.8075e-002	0.60627	4.2298	15.945	-0.10454	
438	1	0.18936	-9.76	-10.829	-1.6725	521.04	-5.8565e-002	0.60783	59.875	16.846	-0.10301	
439	1	0.18985	-11.752	-11.534	-1.6709	519.55	-5.9048e-002	0.60938	-12.273	17.8	-0.10148	
440	1	0.19034	-10.509	-12.049	-1.6694	518.1	-5.9528e-002	0.61092	3.4132	19.142	-9.9956e-002	
441	1	0.19083	-17.767	-12.229	-1.6679	516.3	-6.0004e-002	0.61246	58.016	20.753	-9.8434e-002	
442	1	0.19131	-11.196	-12.046	-1.6664	514.82	-6.0471e-002	0.61398	7.0441	22.138	-9.6916e-002	
443	1	0.1918	-10.429	-11.698	-1.6649	513.27	-6.0933e-002	0.6155	17.148	23.438	-9.5402e-002	
444	1	0.19228	-10.772	-11.479	-1.6634	511.69	-6.1389e-002	0.61701	26.351	24.986	-9.3892e-002	
445	1	0.19276	-11.526	-11.6	-1.6619	510.01	-6.1834e-002	0.61851	25.591	26.55	-9.2387e-002	
446	1	0.19324	-10.903	-12.156	-1.6605	508.41	-6.227e-002	0.62	27.762	27.544	-9.0886e-002	
447	1	0.19372	-14.548	-13.159	-1.659	506.83	-6.2697e-002	0.62149	18.167	27.234	-8.939e-002	
448	1	0.19419	-12.66	-14.573	-1.6575	505.17	-6.3115e-002	0.62296	39.021	24.654	-8.7899e-002	
449	1	0.19467	-12.665	-16.283	-1.6561	503.59	-6.3522e-002	0.62443	42.234	19.101	-8.6414e-002	
450	1	0.19514	-12.487	-17.901	-1.6546	501.84	-6.3917e-002	0.62589	38.673	11.565	-8.4931e-002	
451	1	0.19562	-37.981	-18.739	-1.6532	499.66	-6.4304e-002	0.62734	-71.845	5.2196	-8.3451e-002	
452	1	0.19609	-15.994	-18.364	-1.6518	497.7	-6.4695e-002	0.62878	-4.5496	2.7779	-8.1964e-002	
453	1	0.19656	-13.336	-17.11	-1.6503	496.08	-6.5088e-002	0.63021	36.106	3.6817	-8.0473e-002	
454	1	0.19704	-13.021	-15.708	-1.6489	494.35	-6.5474e-002	0.63164	-2.9211	5.3399	-7.8981e-002	
455	1	0.19751	-14.526	-14.65	-1.6475	492.9	-6.5858e-002	0.63306	29.377	5.9454	-7.7492e-002	
456	1	0.19798	-12.699	-14.077	-1.6461	491.3	-6.6237e-002	0.63448	-10.698	5.195	-7.6003e-002	
457	1	0.19845	-14.129	-13.921	-1.6447	489.67	-6.6615e-002	0.6359	6.223	3.5745	-7.4515e-002	
458	1	0.19892	-14.831	-14.019	-1.6432	488.07	-6.6991e-002	0.6373	12.937	1.6889	-7.3031e-002	
459	1	0.19939	-13.306	-14.186	-1.6418	486.49	-6.7365e-002	0.6387	0.97972	0.35686	-7.155e-002	
460	1	0.19986	-16.945	-14.272	-1.6405		-6.7738e-002	0.64009	-47.325	0.56428	-7.0072e-002	
461	1	0.19986				484.91						
462	1	0.20032	-12.286	-14.198	-1.6391	483.38	-6.8116e-002	0.64147	26.93	2.1453	-6.8593e-002	
463	1	0.20079	-16.738	-13.968	-1.6377	481.81	-6.8491e-002	0.64284	26.014	3.4182	-6.7116e-002	
464	1	0.20125	-11.085	-13.654	-1.6363	480.3	-6.8863e-002	0.64421	-18.674	2.9658	-6.5639e-002	
465	1	0.20172	-12.777	-13.337	-1.6349	478.74	-6.9235e-002	0.64557	24.691	0.61221	-6.4162e-002	
466	1	0.20218	-13.351	-13.017	-1.6336	477.32	-6.9606e-002	0.64693	11.245	-2.8625	-6.2685e-002	
467	1	0.20265	-15.83	-12.63	-1.6322	475.78	-6.9977e-002	0.64829	-47.481	-5.7284	-6.1209e-002	
468	1	0.20311	-10.172	-12.192	-1.6308	473.65	-7.0344e-002	0.64964	6.1918	-6.2081	-5.9734e-002	
469	1	0.20357	-12.347	-11.843	-1.6295	472.25	-7.0705e-002	0.65098	-9.0268	-3.7791	-5.826e-002	
470	1	0.20404	-8.7807	-11.725	-1.6281	470.79	-7.1065e-002	0.65232	5.9992	1.1367	-5.6787e-002	
471	1	0.2045	-12.9	-11.851	-1.6268	469.46	-7.1424e-002	0.65366	-34.573	7.6541	-5.5312e-002	
472	1	0.20496	-13.19	-12.113	-1.6254	467.77	-7.1785e-002	0.65499	64.126	13.908	-5.3833e-002	
473	1	0.20543	-11.567	-12.388	-1.6241	466.09	-7.2136e-002	0.65632	-2.4298	17.454	-5.2355e-002	
474	1	0.20589	-14.246	-12.613	-1.6227	464.52	-7.2482e-002	0.65765	70.909	16.961	-5.0878e-002	
475	1	0.20636	-12.307	-12.79	-1.6214	463.	-7.2825e-002	0.65897	-10.303	13.408	-4.9401e-002	
476	1	0.20682	-10.194	-12.949	-1.62	461.34	-7.3167e-002	0.6603	-8.007	9.592	-4.7922e-002	
477	1	0.20729	-16.406	-13.072	-1.6187	473.24	-7.3507e-002	0.66161	-21.091	7.8511	-4.6445e-002	
478	1	0.20776	-12.071	-13.097	-1.6174	471.7	-7.3847e-002	0.66293	47.466	8.2984	-4.4964e-002	
479	1	0.20822	-11.324	-12.987	-1.616	469.55	-7.4171e-002	0.66424	21.214	10.049	-4.3491e-002	
480	1	0.20869	-15.647	-12.714	-1.6147	467.9	-7.4484e-002	0.66554	-29.087	13.255	-4.2023e-002	
481	1	0.20915	-11.423	-12.251	-1.6134	466.36	-7.4797e-002	0.66684	50.308	18.638	-4.0554e-002	
482	1	0.20962	-12.124	-11.641	-1.612	464.88	-7.5104e-002	0.66813	8.1102	26.305	-3.9087e-002	
483	1	0.21008	-11.581	-11.004	-1.6107	463.37	-7.5408e-002	0.66942	21.785	35.812	-3.7622e-002	
484	1	0.21054	-14.272	-10.544	-1.6094	461.81	-7.5708e-002	0.67071	-3.4557	45.42	-3.6159e-002	
485	1	0.21101	0.47054	-10.551	-1.6081	460.09	-7.6003e-002	0.67199	188.43	51.554	-3.4696e-002	
486	1	0.21147	-13.816	-11.151	-1.6068	458.62	-7.6281e-002	0.67327	8.4343	52.	-3.3241e-002	
487	1	0.21193	-13.395	-12.086	-1.6055	457.06	-7.6556e-002	0.67454	14.434	48.572	-3.1788e-002	
488	1	0.2124	-16.355	-12.939	-1.6042		-7.6829e-002	0.67581	65.684	44.298	-3.0337e-002	
489	1	0.2124				455.41						
490	1	0.21286	-12.454	-13.496	-1.6029	453.78	-7.7092e-002	0.67707	17.758	40.422	-2.889e-002	
491	1	0.21332	-14.36	-13.788	-1.6016	452.21	-7.7351e-002	0.67833	51.086	36.902	-2.7446e-002	
492	1	0.21379	-12.248	-13.941	-1.6003		-7.7602e-002	0.67959	35.269	33.44	-2.6005e-002	
493	1	0.21379				450.64						
494	1	0.21425	-14.047	-14.039	-1.599	449.07	-7.7846e-002	0.68084	29.687	29.964	-2.4566e-002	
495	1	0.21471	-14.205	-14.08	-1.5977	447.45	-7.8083e-002	0.68208	19.748	26.772	-2.3129e-002	
496	1	0.21517	-14.501	-14.008	-1.5964	445.84	-7.8314e-002	0.68333	33.84	24.174	-2.1693e-002	
497	1	0.21563	-14.229	-13.784	-1.5951	444.24	-7.854e-002	0.68456	21.1	22.443	-2.0259e-002	
498	1	0.2161	-14.18	-13.429	-1.5938	442.68	-7.8761e-002	0.6858	10.032	21.97	-1.8828e-002	
499	1	0.21656	-12.91	-13.039	-1.5926	441.18	-7.8978e-002	0.68702	27.237	22.951	-1.7399e-002	
500	1	0.21702	-12.07	-12.767	-1.5913	439.73	-7.919e-002	0.68825	29.671	25.125	-1.5973e-002	
501	1	0.21748	-11.994	-12.755	-1.59	438.33	-7.9396e-002	0.68946	23.187	28.13	-1.4551e-002	
502	1	0.21793	-12.054	-13.067	-1.5888	436.95	-7.9596e-002	0.69068	29.033	31.704	-1.3131e-002	
503	1	0.21839				435.35						
504	1	0.21839	-14.416	-13.659	-1.5875		-7.9788e-002	0.69189	48.291	35.533	-1.1713e-002	
505	1	0.21885	-12.566	-14.401	-1.5863	433.88	-7.9972e-002	0.69309	11.917	39.23	-1.0299e-002	
506	1	0.21931	-16.289	-15.099	-1.585	432.26	-8.015e-002	0.6943	60.323	42.107	-8.885e-003	
507	1	0.21977	-18.662	-15.547	-1.5838	430.53	-8.0319e-002	0.6955	62.832	43.243	-7.4755e-003	
508	1	0.22023	-15.205	-15.664	-1.5825	428.94	-8.0478e-002	0.6967	32.041	42.525	-6.0697e-003	
509	1	0.22069	-15.144	-15.564	-1.5813	427.25	-8.0629e-002	0.69789	35.4	40.994	-4.6687e-003	
510	1	0.22115	-15.274	-15.45	-1.58	425.73	-8.0772e-002	0.69907	41.739	39.821	-3.2731e-003	
511	1	0.22161	-14.575	-15.496	-1.5788	424.1	-8.0905e-002	0.70025	29.457	39.594	-1.8822e-003	
512	1	0.22207	-14.815	-15.799	-1.5776	422.51	-8.103e-002	0.70143	44.976	40.331	-4.9487e-004	
513	1	0.22252	-15.736	-16.343	-1.5764	420.98	-8.1144e-002	0.7026	48.655	41.719	8.8829e-004	
514	1	0.22298	-18.043	-17.001	-1.5751	419.35	-8.1249e-002	0.70377	30.124	43.478	2.2681e-003	
515	1	0.22344	-17.77	-17.604	-1.5739	417.65	-8.1347e-002	0.70493	54.838	45.392	3.6467e-003	
516	1	0.2239	-18.273	-18.021	-1.5727	416.18	-8.1436e-002	0.7061	48.727	47.159	5.0226e-003	
517	1	0.22436				414.48						
518	1	0.22436	-18.35	-18.179	-1.5715		-8.1516e-002	0.70726	47.264	48.63	6.3943e-003	
519	1	0.22482	-18.916	-18.051	-1.5703	412.74	-8.1587e-002	0.70841	44.927	49.889	7.761e-003	
520	1	0.22527	-18.046	-17.671	-1.5691	411.06	-8.1648e-002	0.70956	52.804	50.914	9.1222e-003	
521	1	0.22573	-16.962	-17.147	-1.5679	409.48	-8.1698e-002	0.7107	54.564	51.456	1.0477e-002	
522	1	0.22619	-16.113	-16.635	-1.5667	407.98	-8.1737e-002	0.71184	50.764	51.286	1.1825e-002	
523	1	0.22665	-15.37	-16.272	-1.5655	406.53	-8.1766e-002	0.71298	50.087	50.361	1.3168e-002	
524	1	0.2271	-15.244	-16.115	-1.5643	405.12	-8.1784e-002	0.71411	48.659	48.742	1.4506e-002	
525	1	0.22756	-15.547	-16.106	-1.5631	403.71	-8.1792e-002	0.71524	49.778	46.508	1.584e-002	
526	1	0.22802	-16.79	-16.075	-1.562	402.29	-8.179e-002	0.71637	44.747	43.861	1.7169e-002	
527	1	0.22847	-17.339	-15.822	-1.5608	400.69	-8.1779e-002	0.71749	40.521	41.218	1.8497e-002	
528	1	0.22893	-17.159	-15.237	-1.5596	399.19	-8.1761e-002	0.71861	36.612	39.129	1.9824e-002	
529	1	0.22939	-13.411	-14.39	-1.5584	397.85	-8.1736e-002	0.71973	29.589	37.982	2.1149e-002	
530	1	0.22985	-12.679	-13.487	-1.5573	396.66	-8.1705e-002	0.72085	38.873	37.676	2.2475e-002	
531	1	0.23031	-11.987	-12.729	-1.5561	395.5	-8.1665e-002	0.72197	41.836	37.589	2.3803e-002	
532	1	0.23077	-11.843	-12.214	-1.5549	394.36	-8.1615e-002	0.72309	39.675	37.004	2.5134e-002	
533	1	0.23124	-11.696	-11.936	-1.5537	393.23	-8.1557e-002	0.72422	37.59	35.552	2.647e-002	
534	1	0.23171	-11.576	-11.818	-1.5525	392.1	-8.149e-002	0.72536	35.911	33.313	2.7812e-002	
535	1	0.23218	-13.088	-11.751	-1.5513	390.94	-8.1415e-002	0.7265	21.646	30.651	2.916e-002	
536	1	0.23266	-11.529	-11.647	-1.5501	389.74	-8.1334e-002	0.72764	32.476	27.88	3.0515e-002	
537	1	0.23314	-12.254	-11.493	-1.5489	388.55	-8.1245e-002	0.72879	26.347	25.095	3.1876e-002	
538	1	0.23362	-11.164	-11.345	-1.5477	387.42	-8.1149e-002	0.72994	30.435	22.463	3.3242e-002	
539	1	0.23411	-9.8748	-11.295	-1.5465	386.31	-8.1047e-002	0.7311	-7.2128	20.36	3.4614e-002	
540	1	0.23459	-11.617	-11.397	-1.5453	385.08	-8.094e-002	0.73225	29.848	18.748	3.5992e-002	
541	1	0.23508	-11.881	-11.632	-1.5441	383.83	-8.0824e-002	0.73341	38.636	16.928	3.7372e-002	
542	1	0.23557	-10.337	-11.929	-1.5429	382.72	-8.0697e-002	0.73457	9.423	14.658	3.8753e-002	
543	1	0.23606	-14.849	-12.19	-1.5416	381.45	-8.0568e-002	0.73573	-1.3619	12.814	4.0133e-002	
544	1	0.23655	-11.633	-12.334	-1.5404	380.08	-8.0438e-002	0.73688	11.863	12.364	4.1517e-002	
545	1	0.23704	-12.24	-12.346	-1.5392	378.93	-8.0306e-002	0.73803	5.5746	13.339	4.2903e-002	
546	1	0.23753	-11.095	-12.247	-1.538	377.67	-8.0171e-002	0.73918	20.042	14.862	4.4289e-002	
547	1	0.23803				376.48						
548	1	0.23803	-14.586	-12.027	-1.5368		-8.0032e-002	0.74032	25.895	15.738	4.5675e-002	
549	1	0.23852	-10.761	-11.69	-1.5356	375.29	-7.9888e-002	0.74146	15.742	15.179	4.706e-002	
550	1	0.23901	-11.244	-11.309	-1.5344	374.16	-7.9741e-002	0.74259	9.2568	13.118	4.8444e-002	
551	1	0.2395	-10.57	-10.984	-1.5332	373.02	-7.9592e-002	0.74373	10.388	9.8298	4.9829e-002	
552	1	0.23999	-10.254	-10.779	-1.532	371.9	-7.944e-002	0.74486	7.2015	5.5213	5.1214e-002	
553	1	0.24048	-10.685	-10.699	-1.5308	370.78	-7.9286e-002	0.74598	7.4061	0.42138	5.2601e-002	
554	1	0.24097	-10.384	-10.698	-1.5296	369.65	-7.9131e-002	0.74711	-1.7256	-4.847	5.399e-002	
555	1	0.24147	-11.48	-10.698	-1.5284	368.47	-7.8976e-002	0.74824	-23.773	-9.1908	5.5382e-002	
556	1	0.24196	-10.977	-10.632	-1.5272	367.17	-7.8826e-002	0.74936	-13.982	-11.64	5.6778e-002	
557	1	0.24246	-10.695	-10.482	-1.5261	365.94	-7.8679e-002	0.75048	-13.742	-12.014	5.8177e-002	
558	1	0.24295	-10.188	-10.287	-1.5249	364.75	-7.8536e-002	0.75159	-8.5039	-10.87	5.9579e-002	
559	1	0.24344	-10.279	-10.118	-1.5237	363.61	-7.8395e-002	0.75271	-9.7398	-9.0187	6.0984e-002	
560	1	0.24394	-9.5383	-10.051	-1.5225	362.46	-7.8255e-002	0.75381	-3.2032	-7.2126	6.239e-002	
561	1	0.24443	-9.4964	-10.148	-1.5213	361.36	-7.8117e-002	0.75492	-8.6268	-6.0342	6.3798e-002	
562	1	0.24493	-10.658	-10.416	-1.5201	360.23	-7.7979e-002	0.75602	1.8326	-5.8584	6.5207e-002	
563	1	0.24542	-10.309	-10.813	-1.519	359.08	-7.7843e-002	0.75713	-6.4796	-6.7527	6.6619e-002	
564	1	0.24592	-11.043	-11.257	-1.5178	357.87	-7.7707e-002	0.75823	-7.6144	-8.3688	6.8033e-002	
565	1	0.24642	-12.337	-11.637	-1.5166	356.62	-7.7573e-002	0.75932	-13.765	-10.068	6.945e-002	
566	1	0.24691	-12.116	-11.842	-1.5154	355.32	-7.7443e-002	0.76042	-11.374	-11.227	7.087e-002	
567	1	0.24741	-12.415	-11.807	-1.5143	354.03	-7.7316e-002	0.76151	-16.073	-11.464	7.2292e-002	
568	1	0.24791	-11.837	-11.536	-1.5131	352.76	-7.7192e-002	0.76259	-10.184	-10.725	7.3716e-002	
569	1	0.2484	-10.51	-11.094	-1.512	351.55	-7.7071e-002	0.76367	-11.64	-9.2741	7.5142e-002	
570	1	0.2489	-10.694	-10.568	-1.5108	350.4	-7.6953e-002	0.76475	-0.42453	-7.5554	7.6571e-002	
571	1	0.2494	-10.029	-10.034	-1.5096	349.27	-7.6836e-002	0.76582	-9.6391	-5.9295	7.7999e-002	
572	1	0.24989	-9.6058	-9.5566	-1.5085	348.16	-7.672e-002	0.76689	-4.5682	-4.5673	7.943e-002	
573	1	0.25										
574	N/A	0.25002	-9.5389	-9.2024	-1.5082	347.89	-7.6691e-002	0.76716	-3.8661	-3.6036	7.9788e-002	
